1620118681 2021.05.04 08:58:01 0.00 0.00 0.00 0.00 
1620118681 2021.05.04 08:58:01 1.00 0.00 0.00 0.00 
1620118682 2021.05.04 08:58:02 2.00 -1.25 0.00 0.00 
1620118682 2021.05.04 08:58:02 3.00 -1.25 0.00 0.00 
1620118682 2021.05.04 08:58:02 4.00 -1.25 0.00 0.00 
1620118682 2021.05.04 08:58:02 5.00 -1.25 0.00 0.00 
1620118682 2021.05.04 08:58:02 6.00 0.00 0.00 0.00 
1620118682 2021.05.04 08:58:02 7.00 0.00 0.00 0.00 
1620118682 2021.05.04 08:58:02 8.00 0.00 0.00 0.00 
1620118682 2021.05.04 08:58:02 9.00 -1.25 0.00 0.00 
1620118683 2021.05.04 08:58:03 10.00 -1.25 0.00 0.00 
1620118684 2021.05.04 08:58:04 11.00 0.00 0.00 0.00 
1620118685 2021.05.04 08:58:05 12.00 -2.50 0.00 0.00 
1620118686 2021.05.04 08:58:06 13.00 -1.25 0.00 0.00 
1620118687 2021.05.04 08:58:07 14.00 0.00 0.00 0.00 
1620118688 2021.05.04 08:58:08 15.00 -1.25 0.00 0.00 
1620118689 2021.05.04 08:58:09 16.00 0.00 0.00 0.00 
