1620038172 2021.05.03 10:36:12 0.00 0.00 0.00 0.00 
1620038172 2021.05.03 10:36:12 1.00 -1.25 0.00 0.00 
1620038172 2021.05.03 10:36:12 2.00 0.00 0.00 0.00 
1620038173 2021.05.03 10:36:13 3.00 -1.25 0.00 0.00 
1620038174 2021.05.03 10:36:14 4.00 0.00 0.00 0.00 
1620038175 2021.05.03 10:36:15 5.00 -1.25 0.00 0.00 
1620038176 2021.05.03 10:36:16 6.00 0.00 0.00 0.00 
1620038177 2021.05.03 10:36:17 7.00 1.25 0.00 0.00 
1620038178 2021.05.03 10:36:18 8.00 0.00 0.00 0.00 
1620038179 2021.05.03 10:36:19 9.00 -1.25 0.00 0.00 
1620038180 2021.05.03 10:36:20 10.00 -1.25 0.00 0.00 
1620038181 2021.05.03 10:36:21 11.00 267.50 1902.50 510.00 
1620038182 2021.05.03 10:36:22 12.00 267.50 1912.50 510.00 
1620038183 2021.05.03 10:36:23 13.00 268.75 1913.75 510.00 
1620038184 2021.05.03 10:36:24 14.00 267.50 1908.75 510.00 
1620038185 2021.05.03 10:36:25 15.00 266.25 1908.75 510.00 
1620038186 2021.05.03 10:36:26 16.00 267.50 1906.25 510.00 
1620038187 2021.05.03 10:36:27 17.00 265.00 1902.50 500.00 
1620038188 2021.05.03 10:36:28 18.00 -1.25 0.00 0.00 
1620038189 2021.05.03 10:36:29 19.00 -1.25 0.00 0.00 
1620038190 2021.05.03 10:36:30 20.00 0.00 0.00 0.00 
1620038191 2021.05.03 10:36:31 21.00 -1.25 0.00 0.00 
1620038192 2021.05.03 10:36:32 22.00 -1.25 0.00 0.00 
1620038193 2021.05.03 10:36:33 23.00 1.25 0.00 0.00 
1620038194 2021.05.03 10:36:34 24.00 0.00 0.00 0.00 
1620038195 2021.05.03 10:36:35 25.00 -1.25 1.25 0.00 
1620038196 2021.05.03 10:36:36 26.00 1.25 0.00 0.00 
1620038197 2021.05.03 10:36:37 27.00 -1.25 0.00 0.00 
1620038198 2021.05.03 10:36:38 28.00 0.00 0.00 0.00 
1620038199 2021.05.03 10:36:39 29.00 0.00 0.00 0.00 
1620038200 2021.05.03 10:36:40 30.00 -1.25 0.00 0.00 
1620038201 2021.05.03 10:36:41 31.00 -1.25 0.00 0.00 
1620038202 2021.05.03 10:36:42 32.00 -1.25 0.00 0.00 
1620038203 2021.05.03 10:36:43 33.00 -1.25 0.00 0.00 
1620038204 2021.05.03 10:36:44 34.00 -1.25 0.00 0.00 
1620038205 2021.05.03 10:36:45 35.00 0.00 0.00 0.00 
1620038206 2021.05.03 10:36:46 36.00 0.00 0.00 0.00 
1620038207 2021.05.03 10:36:47 37.00 1.25 0.00 0.00 
1620038208 2021.05.03 10:36:48 38.00 0.00 0.00 0.00 
1620038209 2021.05.03 10:36:49 39.00 0.00 0.00 0.00 
1620038210 2021.05.03 10:36:50 40.00 1.25 0.00 0.00 
1620038211 2021.05.03 10:36:51 41.00 -1.25 0.00 0.00 
1620038212 2021.05.03 10:36:52 42.00 -1.25 0.00 0.00 
1620038213 2021.05.03 10:36:53 43.00 1.25 0.00 0.00 
1620038214 2021.05.03 10:36:54 44.00 -1.25 0.00 0.00 
1620038215 2021.05.03 10:36:55 45.00 0.00 0.00 0.00 
1620038216 2021.05.03 10:36:56 46.00 0.00 0.00 0.00 
1620038217 2021.05.03 10:36:57 47.00 -1.25 0.00 0.00 
1620038218 2021.05.03 10:36:58 48.00 0.00 0.00 0.00 
1620038219 2021.05.03 10:36:59 49.00 -1.25 0.00 0.00 
1620038220 2021.05.03 10:37:00 50.00 -1.25 0.00 0.00 
1620038221 2021.05.03 10:37:01 51.00 -1.25 0.00 0.00 
1620038222 2021.05.03 10:37:02 52.00 0.00 0.00 0.00 
1620038223 2021.05.03 10:37:03 53.00 0.00 1.25 0.00 
1620038224 2021.05.03 10:37:04 54.00 -1.25 0.00 0.00 
1620038225 2021.05.03 10:37:05 55.00 0.00 0.00 0.00 
1620038226 2021.05.03 10:37:06 56.00 0.00 0.00 0.00 
1620038227 2021.05.03 10:37:07 57.00 -1.25 0.00 0.00 
1620038228 2021.05.03 10:37:08 58.00 -1.25 0.00 0.00 
1620038229 2021.05.03 10:37:09 59.00 -1.25 0.00 0.00 
1620038230 2021.05.03 10:37:10 60.00 -1.25 0.00 0.00 
1620038231 2021.05.03 10:37:11 61.00 -1.25 0.00 0.00 
1620038232 2021.05.03 10:37:12 62.00 -1.25 0.00 0.00 
1620038233 2021.05.03 10:37:13 63.00 -1.25 0.00 0.00 
1620038234 2021.05.03 10:37:14 64.00 0.00 0.00 0.00 
1620038235 2021.05.03 10:37:15 65.00 0.00 0.00 0.00 
1620038236 2021.05.03 10:37:16 66.00 -1.25 0.00 0.00 
1620038237 2021.05.03 10:37:17 67.00 1.25 0.00 0.00 
1620038238 2021.05.03 10:37:18 68.00 0.00 0.00 0.00 
1620038239 2021.05.03 10:37:19 69.00 -1.25 0.00 0.00 
1620038240 2021.05.03 10:37:20 70.00 1.25 0.00 0.00 
1620038241 2021.05.03 10:37:21 71.00 0.00 0.00 0.00 
1620038242 2021.05.03 10:37:22 72.00 -2.50 0.00 0.00 
1620038243 2021.05.03 10:37:23 73.00 0.00 0.00 0.00 
1620038244 2021.05.03 10:37:24 74.00 -1.25 0.00 0.00 
1620038245 2021.05.03 10:37:25 75.00 0.00 0.00 0.00 
1620038246 2021.05.03 10:37:26 76.00 0.00 0.00 0.00 
1620038247 2021.05.03 10:37:27 77.00 -2.50 0.00 0.00 
1620038248 2021.05.03 10:37:28 78.00 0.00 0.00 0.00 
1620038249 2021.05.03 10:37:29 79.00 0.00 0.00 0.00 
1620038250 2021.05.03 10:37:30 80.00 0.00 0.00 0.00 
1620038251 2021.05.03 10:37:31 81.00 0.00 0.00 0.00 
1620038252 2021.05.03 10:37:32 82.00 -2.50 0.00 0.00 
1620038253 2021.05.03 10:37:33 83.00 -1.25 0.00 0.00 
1620038254 2021.05.03 10:37:34 84.00 0.00 0.00 0.00 
1620038255 2021.05.03 10:37:35 85.00 -1.25 0.00 0.00 
1620038256 2021.05.03 10:37:36 86.00 0.00 0.00 0.00 
1620038257 2021.05.03 10:37:37 87.00 -1.25 0.00 0.00 
1620038258 2021.05.03 10:37:38 88.00 -1.25 0.00 0.00 
1620038259 2021.05.03 10:37:39 89.00 0.00 0.00 0.00 
1620038260 2021.05.03 10:37:40 90.00 -1.25 0.00 0.00 
1620038261 2021.05.03 10:37:41 91.00 -1.25 0.00 0.00 
1620038262 2021.05.03 10:37:42 92.00 0.00 0.00 0.00 
1620038263 2021.05.03 10:37:43 93.00 -1.25 0.00 0.00 
1620038264 2021.05.03 10:37:44 94.00 -1.25 0.00 0.00 
1620038265 2021.05.03 10:37:45 95.00 0.00 0.00 0.00 
1620038266 2021.05.03 10:37:46 96.00 -1.25 0.00 0.00 
1620038267 2021.05.03 10:37:47 97.00 248.75 1782.50 450.00 
1620038268 2021.05.03 10:37:48 98.00 250.00 1787.50 450.00 
1620038269 2021.05.03 10:37:49 99.00 252.50 1796.25 450.00 
1620038270 2021.05.03 10:37:50 100.00 251.25 1800.00 450.00 
1620038271 2021.05.03 10:37:51 101.00 252.50 1803.75 460.00 
1620038272 2021.05.03 10:37:52 102.00 252.50 1801.25 460.00 
1620038273 2021.05.03 10:37:53 103.00 246.25 1752.50 440.00 
1620038274 2021.05.03 10:37:54 104.00 247.50 1773.75 440.00 
1620038275 2021.05.03 10:37:55 105.00 0.00 0.00 0.00 
1620038276 2021.05.03 10:37:56 106.00 0.00 0.00 0.00 
1620038277 2021.05.03 10:37:57 107.00 -1.25 0.00 0.00 
1620038278 2021.05.03 10:37:58 108.00 -2.50 0.00 0.00 
1620038279 2021.05.03 10:37:59 109.00 -1.25 0.00 0.00 
1620038280 2021.05.03 10:38:00 110.00 -1.25 0.00 0.00 
1620038281 2021.05.03 10:38:01 111.00 0.00 0.00 0.00 
1620038282 2021.05.03 10:38:02 112.00 0.00 0.00 0.00 
1620038283 2021.05.03 10:38:03 113.00 0.00 0.00 0.00 
1620038284 2021.05.03 10:38:04 114.00 0.00 0.00 0.00 
1620038285 2021.05.03 10:38:05 115.00 1.25 0.00 0.00 
1620038286 2021.05.03 10:38:06 116.00 -2.50 0.00 0.00 
1620038287 2021.05.03 10:38:07 117.00 0.00 0.00 0.00 
1620038288 2021.05.03 10:38:08 118.00 0.00 0.00 0.00 
1620038289 2021.05.03 10:38:09 119.00 0.00 0.00 0.00 
1620038290 2021.05.03 10:38:10 120.00 0.00 0.00 0.00 
1620038291 2021.05.03 10:38:11 121.00 0.00 0.00 0.00 
1620038292 2021.05.03 10:38:12 122.00 0.00 0.00 0.00 
1620038293 2021.05.03 10:38:13 123.00 -1.25 0.00 0.00 
1620038294 2021.05.03 10:38:14 124.00 265.00 1903.75 500.00 
1620038295 2021.05.03 10:38:15 125.00 265.00 1901.25 500.00 
1620038296 2021.05.03 10:38:16 126.00 263.75 1898.75 500.00 
1620038297 2021.05.03 10:38:17 127.00 266.25 1896.25 500.00 
1620038298 2021.05.03 10:38:18 128.00 265.00 1893.75 500.00 
1620038299 2021.05.03 10:38:19 129.00 263.75 1892.50 500.00 
1620038300 2021.05.03 10:38:20 130.00 265.00 1890.00 500.00 
1620038301 2021.05.03 10:38:21 131.00 265.00 1888.75 500.00 
1620038302 2021.05.03 10:38:22 132.00 265.00 1886.25 500.00 
1620038303 2021.05.03 10:38:23 133.00 0.00 0.00 0.00 
1620038304 2021.05.03 10:38:24 134.00 -1.25 0.00 0.00 
1620038305 2021.05.03 10:38:25 135.00 -2.50 0.00 0.00 
1620038306 2021.05.03 10:38:26 136.00 1.25 0.00 0.00 
1620038307 2021.05.03 10:38:27 137.00 -1.25 0.00 0.00 
1620038308 2021.05.03 10:38:28 138.00 -1.25 0.00 0.00 
1620038309 2021.05.03 10:38:29 139.00 0.00 0.00 0.00 
1620038310 2021.05.03 10:38:30 140.00 -1.25 0.00 0.00 
1620038311 2021.05.03 10:38:31 141.00 0.00 0.00 0.00 
1620038312 2021.05.03 10:38:32 142.00 0.00 0.00 0.00 
1620038313 2021.05.03 10:38:33 143.00 1.25 0.00 0.00 
1620038314 2021.05.03 10:38:34 144.00 -2.50 0.00 0.00 
1620038315 2021.05.03 10:38:35 145.00 0.00 0.00 0.00 
1620038316 2021.05.03 10:38:36 146.00 0.00 1.25 0.00 
1620038317 2021.05.03 10:38:37 147.00 -1.25 0.00 0.00 
1620038318 2021.05.03 10:38:38 148.00 0.00 0.00 0.00 
1620038319 2021.05.03 10:38:39 149.00 0.00 0.00 0.00 
1620038320 2021.05.03 10:38:40 150.00 0.00 0.00 0.00 
1620038321 2021.05.03 10:38:41 151.00 -1.25 0.00 0.00 
1620038322 2021.05.03 10:38:42 152.00 -1.25 0.00 0.00 
1620038323 2021.05.03 10:38:43 153.00 -1.25 0.00 0.00 
1620038324 2021.05.03 10:38:44 154.00 0.00 0.00 0.00 
1620038325 2021.05.03 10:38:45 155.00 0.00 0.00 0.00 
1620038326 2021.05.03 10:38:46 156.00 -1.25 0.00 0.00 
1620038327 2021.05.03 10:38:47 157.00 0.00 0.00 0.00 
1620038328 2021.05.03 10:38:48 158.00 1.25 0.00 0.00 
1620038329 2021.05.03 10:38:49 159.00 0.00 0.00 0.00 
1620038330 2021.05.03 10:38:50 160.00 -2.50 0.00 0.00 
1620038331 2021.05.03 10:38:51 161.00 252.50 1807.50 460.00 
1620038332 2021.05.03 10:38:52 162.00 226.25 1618.75 370.00 
1620038333 2021.05.03 10:38:53 163.00 253.75 1801.25 460.00 
1620038334 2021.05.03 10:38:54 164.00 236.25 1695.00 400.00 
1620038335 2021.05.03 10:38:55 165.00 218.75 1547.50 330.00 
1620038336 2021.05.03 10:38:56 166.00 213.75 1536.25 330.00 
1620038337 2021.05.03 10:38:57 167.00 187.50 1346.25 260.00 
1620038338 2021.05.03 10:38:58 168.00 -2.50 0.00 0.00 
1620038339 2021.05.03 10:38:59 169.00 192.50 1377.50 270.00 
1620038340 2021.05.03 10:39:00 170.00 257.50 1845.00 470.00 
1620038341 2021.05.03 10:39:01 171.00 260.00 1865.00 490.00 
1620038342 2021.05.03 10:39:02 172.00 261.25 1865.00 490.00 
1620038343 2021.05.03 10:39:03 173.00 260.00 1863.75 490.00 
1620038344 2021.05.03 10:39:04 174.00 260.00 1862.50 490.00 
1620038345 2021.05.03 10:39:05 175.00 261.25 1870.00 490.00 
1620038346 2021.05.03 10:39:06 176.00 0.00 0.00 0.00 
1620038347 2021.05.03 10:39:07 177.00 -1.25 0.00 0.00 
1620038348 2021.05.03 10:39:08 178.00 -2.50 0.00 0.00 
1620038349 2021.05.03 10:39:09 179.00 0.00 0.00 0.00 
1620038350 2021.05.03 10:39:10 180.00 -1.25 0.00 0.00 
1620038351 2021.05.03 10:39:11 181.00 0.00 0.00 0.00 
1620038352 2021.05.03 10:39:12 182.00 -1.25 0.00 0.00 
1620038353 2021.05.03 10:39:13 183.00 0.00 0.00 0.00 
1620038354 2021.05.03 10:39:14 184.00 0.00 0.00 0.00 
1620038355 2021.05.03 10:39:15 185.00 -1.25 0.00 0.00 
1620038356 2021.05.03 10:39:16 186.00 -1.25 0.00 0.00 
1620038357 2021.05.03 10:39:17 187.00 -1.25 0.00 0.00 
1620038358 2021.05.03 10:39:18 188.00 -1.25 0.00 0.00 
1620038359 2021.05.03 10:39:19 189.00 -1.25 0.00 0.00 
1620038360 2021.05.03 10:39:20 190.00 1.25 0.00 0.00 
1620038361 2021.05.03 10:39:21 191.00 0.00 0.00 0.00 
1620038362 2021.05.03 10:39:22 192.00 -2.50 0.00 0.00 
1620038363 2021.05.03 10:39:23 193.00 0.00 0.00 0.00 
1620038364 2021.05.03 10:39:24 194.00 0.00 1.25 0.00 
1620038365 2021.05.03 10:39:25 195.00 0.00 0.00 0.00 
1620038366 2021.05.03 10:39:26 196.00 0.00 0.00 0.00 
1620038367 2021.05.03 10:39:27 197.00 275.00 1968.75 540.00 
1620038368 2021.05.03 10:39:28 198.00 276.25 1967.50 540.00 
1620038369 2021.05.03 10:39:29 199.00 276.25 1967.50 540.00 
1620038370 2021.05.03 10:39:30 200.00 276.25 1966.25 540.00 
1620038371 2021.05.03 10:39:31 201.00 -1.25 0.00 0.00 
1620038372 2021.05.03 10:39:32 202.00 -1.25 0.00 0.00 
1620038373 2021.05.03 10:39:33 203.00 -1.25 0.00 0.00 
1620038374 2021.05.03 10:39:34 204.00 0.00 0.00 0.00 
1620038375 2021.05.03 10:39:35 205.00 -1.25 0.00 0.00 
1620038376 2021.05.03 10:39:36 206.00 -1.25 0.00 0.00 
1620038377 2021.05.03 10:39:37 207.00 1.25 0.00 0.00 
1620038378 2021.05.03 10:39:38 208.00 -1.25 0.00 0.00 
1620038379 2021.05.03 10:39:39 209.00 0.00 0.00 0.00 
1620038380 2021.05.03 10:39:40 210.00 0.00 0.00 0.00 
1620038381 2021.05.03 10:39:41 211.00 0.00 0.00 0.00 
1620038382 2021.05.03 10:39:42 212.00 0.00 0.00 0.00 
1620038383 2021.05.03 10:39:43 213.00 0.00 0.00 0.00 
1620038384 2021.05.03 10:39:44 214.00 -1.25 0.00 0.00 
1620038385 2021.05.03 10:39:45 215.00 0.00 0.00 0.00 
1620038386 2021.05.03 10:39:46 216.00 -1.25 0.00 0.00 
1620038387 2021.05.03 10:39:47 217.00 0.00 0.00 0.00 
1620038388 2021.05.03 10:39:48 218.00 -1.25 0.00 0.00 
1620038389 2021.05.03 10:39:49 219.00 0.00 1.25 0.00 
1620038390 2021.05.03 10:39:50 220.00 0.00 0.00 0.00 
1620038391 2021.05.03 10:39:51 221.00 -1.25 0.00 0.00 
1620038392 2021.05.03 10:39:52 222.00 0.00 0.00 0.00 
1620038393 2021.05.03 10:39:53 223.00 0.00 0.00 0.00 
