1620118570 2021.05.04 08:56:10 0.00 -1.25 0.00 0.00 
1620118571 2021.05.04 08:56:11 1.00 1.25 0.00 0.00 
1620118571 2021.05.04 08:56:11 2.00 0.00 0.00 0.00 
1620118571 2021.05.04 08:56:11 3.00 -1.25 0.00 0.00 
1620118572 2021.05.04 08:56:12 4.00 0.00 0.00 0.00 
1620118573 2021.05.04 08:56:13 5.00 0.00 0.00 0.00 
1620118574 2021.05.04 08:56:14 6.00 -1.25 0.00 0.00 
1620118575 2021.05.04 08:56:15 7.00 -1.25 0.00 0.00 
1620118576 2021.05.04 08:56:16 8.00 -1.25 0.00 0.00 
1620118577 2021.05.04 08:56:17 9.00 0.00 0.00 0.00 
1620118578 2021.05.04 08:56:18 10.00 0.00 0.00 0.00 
1620118579 2021.05.04 08:56:19 11.00 0.00 0.00 0.00 
1620118580 2021.05.04 08:56:20 12.00 -1.25 0.00 0.00 
1620118581 2021.05.04 08:56:21 13.00 -1.25 0.00 0.00 
1620118582 2021.05.04 08:56:22 14.00 -1.25 0.00 0.00 
1620118583 2021.05.04 08:56:23 15.00 -1.25 0.00 0.00 
1620118584 2021.05.04 08:56:24 16.00 0.00 0.00 0.00 
1620118585 2021.05.04 08:56:25 17.00 0.00 0.00 0.00 
1620118586 2021.05.04 08:56:26 18.00 -1.25 0.00 0.00 
1620118587 2021.05.04 08:56:27 19.00 0.00 0.00 0.00 
1620118588 2021.05.04 08:56:28 20.00 2.50 0.00 0.00 
1620118589 2021.05.04 08:56:29 21.00 0.00 0.00 0.00 
1620118590 2021.05.04 08:56:30 22.00 -1.25 0.00 0.00 
1620118591 2021.05.04 08:56:31 23.00 0.00 0.00 0.00 
1620118592 2021.05.04 08:56:32 24.00 0.00 0.00 0.00 
1620118593 2021.05.04 08:56:33 25.00 0.00 0.00 0.00 
1620118594 2021.05.04 08:56:34 26.00 0.00 0.00 0.00 
1620118595 2021.05.04 08:56:35 27.00 -1.25 0.00 0.00 
1620118596 2021.05.04 08:56:36 28.00 -1.25 0.00 0.00 
1620118597 2021.05.04 08:56:37 29.00 0.00 0.00 0.00 
1620118598 2021.05.04 08:56:38 30.00 0.00 0.00 0.00 
1620118599 2021.05.04 08:56:39 31.00 -1.25 0.00 0.00 
1620118600 2021.05.04 08:56:40 32.00 0.00 1.25 0.00 
1620118601 2021.05.04 08:56:41 33.00 -1.25 0.00 0.00 
1620118602 2021.05.04 08:56:42 34.00 0.00 0.00 0.00 
1620118603 2021.05.04 08:56:43 35.00 0.00 0.00 0.00 
1620118604 2021.05.04 08:56:44 36.00 0.00 0.00 0.00 
1620118605 2021.05.04 08:56:45 37.00 0.00 0.00 0.00 
1620118606 2021.05.04 08:56:46 38.00 0.00 0.00 0.00 
1620118607 2021.05.04 08:56:47 39.00 0.00 0.00 0.00 
1620118608 2021.05.04 08:56:48 40.00 -1.25 0.00 0.00 
1620118609 2021.05.04 08:56:49 41.00 -1.25 0.00 0.00 
1620118610 2021.05.04 08:56:50 42.00 -1.25 0.00 0.00 
1620118611 2021.05.04 08:56:51 43.00 0.00 0.00 0.00 
1620118612 2021.05.04 08:56:52 44.00 0.00 0.00 0.00 
1620118613 2021.05.04 08:56:53 45.00 -1.25 0.00 0.00 
1620118614 2021.05.04 08:56:54 46.00 -1.25 0.00 0.00 
1620118615 2021.05.04 08:56:55 47.00 0.00 0.00 0.00 
1620118616 2021.05.04 08:56:56 48.00 -1.25 0.00 0.00 
1620118617 2021.05.04 08:56:57 49.00 -1.25 0.00 0.00 
1620118618 2021.05.04 08:56:58 50.00 0.00 0.00 0.00 
1620118619 2021.05.04 08:56:59 51.00 -1.25 0.00 0.00 
1620118620 2021.05.04 08:57:00 52.00 -1.25 0.00 0.00 
1620118621 2021.05.04 08:57:01 53.00 0.00 0.00 0.00 
1620118622 2021.05.04 08:57:02 54.00 1.25 1.25 0.00 
1620118623 2021.05.04 08:57:03 55.00 -1.25 0.00 0.00 
1620118624 2021.05.04 08:57:04 56.00 -1.25 0.00 0.00 
1620118625 2021.05.04 08:57:05 57.00 1.25 0.00 0.00 
1620118626 2021.05.04 08:57:06 58.00 0.00 0.00 0.00 
1620118627 2021.05.04 08:57:07 59.00 0.00 0.00 0.00 
1620118628 2021.05.04 08:57:08 60.00 -1.25 0.00 0.00 
1620118629 2021.05.04 08:57:09 61.00 0.00 0.00 0.00 
1620118630 2021.05.04 08:57:10 62.00 0.00 0.00 0.00 
1620118631 2021.05.04 08:57:11 63.00 0.00 0.00 0.00 
1620118632 2021.05.04 08:57:12 64.00 -1.25 0.00 0.00 
1620118633 2021.05.04 08:57:13 65.00 0.00 0.00 0.00 
1620118634 2021.05.04 08:57:14 66.00 0.00 0.00 0.00 
1620118635 2021.05.04 08:57:15 67.00 -1.25 0.00 0.00 
1620118636 2021.05.04 08:57:16 68.00 1.25 0.00 0.00 
1620118637 2021.05.04 08:57:17 69.00 0.00 0.00 0.00 
1620118638 2021.05.04 08:57:18 70.00 -2.50 0.00 0.00 
1620118639 2021.05.04 08:57:19 71.00 -1.25 0.00 0.00 
1620118640 2021.05.04 08:57:20 72.00 -1.25 0.00 0.00 
1620118641 2021.05.04 08:57:21 73.00 -1.25 0.00 0.00 
1620118642 2021.05.04 08:57:22 74.00 0.00 0.00 0.00 
1620118643 2021.05.04 08:57:23 75.00 0.00 0.00 0.00 
1620118644 2021.05.04 08:57:24 76.00 -1.25 0.00 0.00 
1620118645 2021.05.04 08:57:25 77.00 -1.25 0.00 0.00 
1620118646 2021.05.04 08:57:26 78.00 -1.25 0.00 0.00 
