1620038735 2021.05.03 10:45:35 0.00 -2.50 0.00 0.00 
1620038735 2021.05.03 10:45:35 1.00 -1.25 0.00 0.00 
1620038735 2021.05.03 10:45:35 2.00 -2.50 0.00 0.00 
1620038735 2021.05.03 10:45:35 3.00 0.00 0.00 0.00 
1620038735 2021.05.03 10:45:35 4.00 1.25 0.00 0.00 
1620038736 2021.05.03 10:45:36 5.00 -1.25 0.00 0.00 
1620038737 2021.05.03 10:45:37 6.00 -2.50 0.00 0.00 
1620038738 2021.05.03 10:45:38 7.00 -1.25 0.00 0.00 
1620038739 2021.05.03 10:45:39 8.00 -1.25 0.00 0.00 
1620038740 2021.05.03 10:45:40 9.00 0.00 0.00 0.00 
1620038741 2021.05.03 10:45:41 10.00 0.00 0.00 0.00 
1620038742 2021.05.03 10:45:42 11.00 283.75 2035.00 580.00 
1620038743 2021.05.03 10:45:43 12.00 283.75 2030.00 580.00 
1620038744 2021.05.03 10:45:44 13.00 283.75 2031.25 580.00 
1620038745 2021.05.03 10:45:45 14.00 283.75 2028.75 580.00 
1620038746 2021.05.03 10:45:46 15.00 283.75 2026.25 580.00 
1620038747 2021.05.03 10:45:47 16.00 281.25 2025.00 560.00 
1620038748 2021.05.03 10:45:48 17.00 282.50 2023.75 580.00 
1620038749 2021.05.03 10:45:49 18.00 282.50 2022.50 580.00 
1620038750 2021.05.03 10:45:50 19.00 283.75 2021.25 580.00 
1620038751 2021.05.03 10:45:51 20.00 282.50 2018.75 580.00 
1620038752 2021.05.03 10:45:52 21.00 281.25 2018.75 560.00 
1620038753 2021.05.03 10:45:53 22.00 283.75 2018.75 580.00 
1620038754 2021.05.03 10:45:54 23.00 281.25 2018.75 560.00 
1620038755 2021.05.03 10:45:55 24.00 282.50 2016.25 560.00 
1620038756 2021.05.03 10:45:56 25.00 282.50 2015.00 560.00 
1620038757 2021.05.03 10:45:57 26.00 283.75 2013.75 580.00 
1620038758 2021.05.03 10:45:58 27.00 282.50 2013.75 560.00 
1620038759 2021.05.03 10:45:59 28.00 281.25 2013.75 560.00 
1620038760 2021.05.03 10:46:00 29.00 282.50 2013.75 560.00 
1620038761 2021.05.03 10:46:01 30.00 280.00 2012.50 560.00 
1620038762 2021.05.03 10:46:02 31.00 281.25 2012.50 560.00 
1620038763 2021.05.03 10:46:03 32.00 281.25 2011.25 560.00 
1620038764 2021.05.03 10:46:04 33.00 281.25 2010.00 560.00 
1620038765 2021.05.03 10:46:05 34.00 281.25 2011.25 560.00 
1620038766 2021.05.03 10:46:06 35.00 0.00 0.00 0.00 
1620038767 2021.05.03 10:46:07 36.00 -1.25 0.00 0.00 
1620038768 2021.05.03 10:46:08 37.00 -2.50 0.00 0.00 
1620038769 2021.05.03 10:46:09 38.00 -1.25 1.25 0.00 
1620038770 2021.05.03 10:46:10 39.00 -1.25 0.00 0.00 
