1620118695 2021.05.04 08:58:15 0.00 0.00 0.00 0.00 
1620118695 2021.05.04 08:58:15 1.00 -1.25 0.00 0.00 
1620118696 2021.05.04 08:58:16 2.00 -1.25 0.00 0.00 
1620118697 2021.05.04 08:58:17 3.00 0.00 0.00 0.00 
1620118698 2021.05.04 08:58:18 4.00 0.00 0.00 0.00 
1620118699 2021.05.04 08:58:19 5.00 0.00 0.00 0.00 
1620118700 2021.05.04 08:58:20 6.00 -1.25 0.00 0.00 
1620118701 2021.05.04 08:58:21 7.00 0.00 0.00 0.00 
1620118702 2021.05.04 08:58:22 8.00 0.00 0.00 0.00 
1620118703 2021.05.04 08:58:23 9.00 -1.25 0.00 0.00 
1620118704 2021.05.04 08:58:24 10.00 -1.25 0.00 0.00 
1620118705 2021.05.04 08:58:25 11.00 0.00 0.00 0.00 
1620118706 2021.05.04 08:58:26 12.00 -2.50 1.25 0.00 
1620118707 2021.05.04 08:58:27 13.00 -1.25 0.00 0.00 
1620118708 2021.05.04 08:58:28 14.00 -1.25 0.00 0.00 
1620118709 2021.05.04 08:58:29 15.00 -1.25 0.00 0.00 
1620118710 2021.05.04 08:58:30 16.00 -1.25 0.00 0.00 
1620118711 2021.05.04 08:58:31 17.00 -1.25 0.00 0.00 
1620118712 2021.05.04 08:58:32 18.00 0.00 0.00 0.00 
1620118713 2021.05.04 08:58:33 19.00 0.00 0.00 0.00 
1620118714 2021.05.04 08:58:34 20.00 0.00 0.00 0.00 
1620118715 2021.05.04 08:58:35 21.00 -1.25 0.00 0.00 
1620118716 2021.05.04 08:58:36 22.00 -1.25 0.00 0.00 
1620118717 2021.05.04 08:58:37 23.00 -1.25 0.00 0.00 
1620118718 2021.05.04 08:58:38 24.00 -1.25 0.00 0.00 
1620118719 2021.05.04 08:58:39 25.00 0.00 0.00 0.00 
1620118720 2021.05.04 08:58:40 26.00 0.00 0.00 0.00 
1620118721 2021.05.04 08:58:41 27.00 -2.50 0.00 0.00 
1620118722 2021.05.04 08:58:42 28.00 -1.25 0.00 0.00 
1620118723 2021.05.04 08:58:43 29.00 -1.25 0.00 0.00 
1620118724 2021.05.04 08:58:44 30.00 0.00 0.00 0.00 
1620118725 2021.05.04 08:58:45 31.00 0.00 1.25 0.00 
1620118726 2021.05.04 08:58:46 32.00 0.00 0.00 0.00 
1620118727 2021.05.04 08:58:47 33.00 -1.25 0.00 0.00 
1620118728 2021.05.04 08:58:48 34.00 -1.25 0.00 0.00 
1620118729 2021.05.04 08:58:49 35.00 -1.25 0.00 0.00 
1620118730 2021.05.04 08:58:50 36.00 1.25 0.00 0.00 
1620118731 2021.05.04 08:58:51 37.00 0.00 0.00 0.00 
1620118732 2021.05.04 08:58:52 38.00 0.00 0.00 0.00 
