1620038726 2021.05.03 10:45:26 0.00 -1.25 0.00 0.00 
1620038726 2021.05.03 10:45:26 1.00 0.00 0.00 0.00 
1620038726 2021.05.03 10:45:26 2.00 0.00 0.00 0.00 
1620038726 2021.05.03 10:45:26 3.00 1.25 0.00 0.00 
1620038726 2021.05.03 10:45:26 4.00 0.00 0.00 0.00 
1620038727 2021.05.03 10:45:27 5.00 -1.25 0.00 0.00 
1620038727 2021.05.03 10:45:27 6.00 0.00 0.00 0.00 
1620038727 2021.05.03 10:45:27 7.00 -1.25 0.00 0.00 
1620038727 2021.05.03 10:45:27 8.00 0.00 0.00 0.00 
1620038727 2021.05.03 10:45:27 9.00 -1.25 0.00 0.00 
1620038727 2021.05.03 10:45:27 10.00 -1.25 0.00 0.00 
1620038727 2021.05.03 10:45:27 11.00 0.00 0.00 0.00 
1620038728 2021.05.03 10:45:28 12.00 -1.25 0.00 0.00 
