1620038172 2021.05.03 10:36:12 0.00 282.50 2027.50 580.00 
1620038172 2021.05.03 10:36:12 1.00 285.00 2032.50 580.00 
1620038172 2021.05.03 10:36:12 2.00 285.00 2036.25 580.00 
1620038173 2021.05.03 10:36:13 3.00 285.00 2033.75 580.00 
1620038174 2021.05.03 10:36:14 4.00 285.00 2028.75 580.00 
1620038175 2021.05.03 10:36:15 5.00 283.75 2028.75 580.00 
1620038176 2021.05.03 10:36:16 6.00 282.50 2026.25 580.00 
1620038177 2021.05.03 10:36:17 7.00 282.50 2023.75 580.00 
1620038178 2021.05.03 10:36:18 8.00 283.75 2021.25 580.00 
1620038179 2021.05.03 10:36:19 9.00 282.50 2020.00 580.00 
1620038180 2021.05.03 10:36:20 10.00 281.25 2016.25 560.00 
1620038181 2021.05.03 10:36:21 11.00 283.75 2015.00 580.00 
1620038182 2021.05.03 10:36:22 12.00 282.50 2013.75 560.00 
1620038183 2021.05.03 10:36:23 13.00 282.50 2011.25 560.00 
1620038184 2021.05.03 10:36:24 14.00 280.00 2011.25 560.00 
1620038185 2021.05.03 10:36:25 15.00 281.25 2011.25 560.00 
1620038186 2021.05.03 10:36:26 16.00 280.00 2008.75 560.00 
1620038187 2021.05.03 10:36:27 17.00 281.25 2007.50 560.00 
1620038188 2021.05.03 10:36:28 18.00 281.25 2007.50 560.00 
1620038189 2021.05.03 10:36:29 19.00 280.00 2003.75 560.00 
1620038190 2021.05.03 10:36:30 20.00 278.75 2003.75 560.00 
1620038191 2021.05.03 10:36:31 21.00 281.25 2002.50 560.00 
1620038192 2021.05.03 10:36:32 22.00 282.50 2002.50 560.00 
1620038193 2021.05.03 10:36:33 23.00 278.75 2001.25 560.00 
1620038194 2021.05.03 10:36:34 24.00 280.00 2000.00 560.00 
1620038195 2021.05.03 10:36:35 25.00 280.00 2000.00 560.00 
1620038196 2021.05.03 10:36:36 26.00 277.50 1998.75 550.00 
1620038197 2021.05.03 10:36:37 27.00 280.00 1997.50 560.00 
1620038198 2021.05.03 10:36:38 28.00 281.25 1997.50 560.00 
1620038199 2021.05.03 10:36:39 29.00 278.75 1996.25 550.00 
1620038200 2021.05.03 10:36:40 30.00 280.00 1997.50 560.00 
1620038201 2021.05.03 10:36:41 31.00 280.00 1996.25 560.00 
1620038202 2021.05.03 10:36:42 32.00 278.75 1996.25 550.00 
1620038203 2021.05.03 10:36:43 33.00 277.50 1995.00 550.00 
1620038204 2021.05.03 10:36:44 34.00 278.75 1995.00 550.00 
1620038205 2021.05.03 10:36:45 35.00 278.75 1993.75 550.00 
1620038206 2021.05.03 10:36:46 36.00 277.50 1993.75 550.00 
1620038207 2021.05.03 10:36:47 37.00 278.75 1992.50 550.00 
1620038208 2021.05.03 10:36:48 38.00 278.75 1995.00 550.00 
1620038209 2021.05.03 10:36:49 39.00 278.75 1992.50 550.00 
1620038210 2021.05.03 10:36:50 40.00 278.75 1992.50 550.00 
1620038211 2021.05.03 10:36:51 41.00 280.00 1992.50 560.00 
1620038212 2021.05.03 10:36:52 42.00 277.50 1991.25 550.00 
1620038213 2021.05.03 10:36:53 43.00 278.75 1992.50 550.00 
1620038214 2021.05.03 10:36:54 44.00 278.75 1991.25 550.00 
1620038215 2021.05.03 10:36:55 45.00 280.00 1991.25 560.00 
1620038216 2021.05.03 10:36:56 46.00 277.50 1990.00 550.00 
1620038217 2021.05.03 10:36:57 47.00 278.75 1990.00 550.00 
1620038218 2021.05.03 10:36:58 48.00 276.25 1990.00 550.00 
1620038219 2021.05.03 10:36:59 49.00 280.00 1991.25 560.00 
1620038220 2021.05.03 10:37:00 50.00 278.75 1990.00 550.00 
1620038221 2021.05.03 10:37:01 51.00 277.50 1990.00 550.00 
1620038222 2021.05.03 10:37:02 52.00 278.75 1990.00 550.00 
1620038223 2021.05.03 10:37:03 53.00 278.75 1990.00 550.00 
1620038224 2021.05.03 10:37:04 54.00 277.50 1990.00 550.00 
1620038225 2021.05.03 10:37:05 55.00 278.75 1990.00 550.00 
1620038226 2021.05.03 10:37:06 56.00 278.75 1990.00 550.00 
1620038227 2021.05.03 10:37:07 57.00 277.50 1990.00 550.00 
1620038228 2021.05.03 10:37:08 58.00 280.00 1988.75 550.00 
1620038229 2021.05.03 10:37:09 59.00 278.75 1988.75 550.00 
1620038230 2021.05.03 10:37:10 60.00 277.50 1990.00 550.00 
1620038231 2021.05.03 10:37:11 61.00 278.75 1990.00 550.00 
1620038232 2021.05.03 10:37:12 62.00 278.75 1988.75 550.00 
1620038233 2021.05.03 10:37:13 63.00 278.75 1988.75 550.00 
1620038234 2021.05.03 10:37:14 64.00 280.00 1988.75 560.00 
1620038235 2021.05.03 10:37:15 65.00 278.75 1990.00 550.00 
1620038236 2021.05.03 10:37:16 66.00 278.75 1990.00 550.00 
1620038237 2021.05.03 10:37:17 67.00 277.50 1988.75 550.00 
1620038238 2021.05.03 10:37:18 68.00 278.75 1988.75 550.00 
1620038239 2021.05.03 10:37:19 69.00 277.50 1985.00 550.00 
1620038240 2021.05.03 10:37:20 70.00 0.00 0.00 0.00 
1620038241 2021.05.03 10:37:21 71.00 -1.25 0.00 0.00 
1620038242 2021.05.03 10:37:22 72.00 0.00 0.00 0.00 
1620038243 2021.05.03 10:37:23 73.00 0.00 0.00 0.00 
1620038244 2021.05.03 10:37:24 74.00 1.25 1.25 0.00 
1620038245 2021.05.03 10:37:25 75.00 -1.25 0.00 0.00 
1620038246 2021.05.03 10:37:26 76.00 0.00 0.00 0.00 
1620038247 2021.05.03 10:37:27 77.00 0.00 0.00 0.00 
1620038248 2021.05.03 10:37:28 78.00 -1.25 0.00 0.00 
1620038249 2021.05.03 10:37:29 79.00 0.00 0.00 0.00 
1620038250 2021.05.03 10:37:30 80.00 1.25 0.00 0.00 
1620038251 2021.05.03 10:37:31 81.00 0.00 1.25 0.00 
1620038252 2021.05.03 10:37:32 82.00 -1.25 0.00 0.00 
1620038253 2021.05.03 10:37:33 83.00 -1.25 0.00 0.00 
1620038254 2021.05.03 10:37:34 84.00 0.00 0.00 0.00 
1620038255 2021.05.03 10:37:35 85.00 -1.25 0.00 0.00 
1620038256 2021.05.03 10:37:36 86.00 0.00 0.00 0.00 
1620038257 2021.05.03 10:37:37 87.00 -1.25 0.00 0.00 
1620038258 2021.05.03 10:37:38 88.00 -1.25 0.00 0.00 
1620038259 2021.05.03 10:37:39 89.00 0.00 0.00 0.00 
1620038260 2021.05.03 10:37:40 90.00 0.00 0.00 0.00 
1620038261 2021.05.03 10:37:41 91.00 -1.25 0.00 0.00 
1620038262 2021.05.03 10:37:42 92.00 0.00 0.00 0.00 
1620038263 2021.05.03 10:37:43 93.00 -1.25 0.00 0.00 
1620038264 2021.05.03 10:37:44 94.00 0.00 0.00 0.00 
1620038265 2021.05.03 10:37:45 95.00 0.00 0.00 0.00 
1620038266 2021.05.03 10:37:46 96.00 1.25 0.00 0.00 
1620038267 2021.05.03 10:37:47 97.00 -1.25 0.00 0.00 
1620038268 2021.05.03 10:37:48 98.00 -1.25 0.00 0.00 
1620038269 2021.05.03 10:37:49 99.00 0.00 0.00 0.00 
1620038270 2021.05.03 10:37:50 100.00 0.00 0.00 0.00 
1620038271 2021.05.03 10:37:51 101.00 0.00 0.00 0.00 
1620038272 2021.05.03 10:37:52 102.00 -1.25 0.00 0.00 
1620038273 2021.05.03 10:37:53 103.00 0.00 0.00 0.00 
1620038274 2021.05.03 10:37:54 104.00 1.25 1.25 0.00 
1620038275 2021.05.03 10:37:55 105.00 0.00 0.00 0.00 
1620038276 2021.05.03 10:37:56 106.00 -1.25 0.00 0.00 
1620038277 2021.05.03 10:37:57 107.00 0.00 0.00 0.00 
1620038278 2021.05.03 10:37:58 108.00 0.00 0.00 0.00 
1620038279 2021.05.03 10:37:59 109.00 -1.25 0.00 0.00 
1620038280 2021.05.03 10:38:00 110.00 0.00 0.00 0.00 
1620038281 2021.05.03 10:38:01 111.00 0.00 0.00 0.00 
1620038282 2021.05.03 10:38:02 112.00 0.00 0.00 0.00 
1620038283 2021.05.03 10:38:03 113.00 1.25 0.00 0.00 
1620038284 2021.05.03 10:38:04 114.00 1.25 0.00 0.00 
1620038285 2021.05.03 10:38:05 115.00 0.00 0.00 0.00 
1620038286 2021.05.03 10:38:06 116.00 -1.25 0.00 0.00 
1620038287 2021.05.03 10:38:07 117.00 -1.25 0.00 0.00 
1620038288 2021.05.03 10:38:08 118.00 0.00 0.00 0.00 
1620038289 2021.05.03 10:38:09 119.00 0.00 0.00 0.00 
1620038290 2021.05.03 10:38:10 120.00 0.00 0.00 0.00 
1620038291 2021.05.03 10:38:11 121.00 0.00 0.00 0.00 
1620038292 2021.05.03 10:38:12 122.00 0.00 0.00 0.00 
1620038293 2021.05.03 10:38:13 123.00 -1.25 0.00 0.00 
1620038294 2021.05.03 10:38:14 124.00 0.00 0.00 0.00 
1620038295 2021.05.03 10:38:15 125.00 0.00 0.00 0.00 
1620038296 2021.05.03 10:38:16 126.00 0.00 0.00 0.00 
1620038297 2021.05.03 10:38:17 127.00 -1.25 0.00 0.00 
1620038298 2021.05.03 10:38:18 128.00 0.00 0.00 0.00 
1620038299 2021.05.03 10:38:19 129.00 -1.25 0.00 0.00 
1620038300 2021.05.03 10:38:20 130.00 271.25 1968.75 510.00 
1620038301 2021.05.03 10:38:21 131.00 268.75 1928.75 510.00 
1620038302 2021.05.03 10:38:22 132.00 275.00 1956.25 540.00 
1620038303 2021.05.03 10:38:23 133.00 273.75 1958.75 540.00 
1620038304 2021.05.03 10:38:24 134.00 275.00 1957.50 540.00 
1620038305 2021.05.03 10:38:25 135.00 272.50 1940.00 520.00 
1620038306 2021.05.03 10:38:26 136.00 273.75 1938.75 520.00 
1620038307 2021.05.03 10:38:27 137.00 270.00 1940.00 520.00 
1620038308 2021.05.03 10:38:28 138.00 272.50 1940.00 520.00 
1620038309 2021.05.03 10:38:29 139.00 272.50 1941.25 520.00 
1620038310 2021.05.03 10:38:30 140.00 271.25 1941.25 520.00 
1620038311 2021.05.03 10:38:31 141.00 271.25 1941.25 520.00 
1620038312 2021.05.03 10:38:32 142.00 271.25 1940.00 520.00 
1620038313 2021.05.03 10:38:33 143.00 273.75 1941.25 520.00 
1620038314 2021.05.03 10:38:34 144.00 270.00 1942.50 520.00 
1620038315 2021.05.03 10:38:35 145.00 271.25 1942.50 520.00 
1620038316 2021.05.03 10:38:36 146.00 271.25 1942.50 520.00 
1620038317 2021.05.03 10:38:37 147.00 271.25 1942.50 520.00 
1620038318 2021.05.03 10:38:38 148.00 271.25 1941.25 520.00 
1620038319 2021.05.03 10:38:39 149.00 272.50 1943.75 520.00 
1620038320 2021.05.03 10:38:40 150.00 272.50 1941.25 520.00 
1620038321 2021.05.03 10:38:41 151.00 271.25 1942.50 520.00 
1620038322 2021.05.03 10:38:42 152.00 271.25 1942.50 520.00 
1620038323 2021.05.03 10:38:43 153.00 271.25 1942.50 520.00 
1620038324 2021.05.03 10:38:44 154.00 272.50 1943.75 520.00 
1620038325 2021.05.03 10:38:45 155.00 273.75 1942.50 540.00 
1620038326 2021.05.03 10:38:46 156.00 272.50 1943.75 520.00 
1620038327 2021.05.03 10:38:47 157.00 272.50 1942.50 520.00 
1620038328 2021.05.03 10:38:48 158.00 273.75 1941.25 540.00 
1620038329 2021.05.03 10:38:49 159.00 271.25 1942.50 520.00 
1620038330 2021.05.03 10:38:50 160.00 272.50 1942.50 520.00 
1620038331 2021.05.03 10:38:51 161.00 271.25 1942.50 520.00 
1620038332 2021.05.03 10:38:52 162.00 271.25 1941.25 520.00 
1620038333 2021.05.03 10:38:53 163.00 271.25 1942.50 520.00 
1620038334 2021.05.03 10:38:54 164.00 271.25 1942.50 520.00 
1620038335 2021.05.03 10:38:55 165.00 272.50 1941.25 520.00 
1620038336 2021.05.03 10:38:56 166.00 271.25 1941.25 520.00 
1620038337 2021.05.03 10:38:57 167.00 272.50 1941.25 520.00 
1620038338 2021.05.03 10:38:58 168.00 271.25 1942.50 520.00 
1620038339 2021.05.03 10:38:59 169.00 272.50 1942.50 520.00 
1620038340 2021.05.03 10:39:00 170.00 272.50 1942.50 520.00 
1620038341 2021.05.03 10:39:01 171.00 272.50 1942.50 520.00 
1620038342 2021.05.03 10:39:02 172.00 271.25 1942.50 520.00 
1620038343 2021.05.03 10:39:03 173.00 271.25 1942.50 520.00 
1620038344 2021.05.03 10:39:04 174.00 272.50 1941.25 520.00 
1620038345 2021.05.03 10:39:05 175.00 272.50 1942.50 520.00 
1620038346 2021.05.03 10:39:06 176.00 272.50 1942.50 540.00 
1620038347 2021.05.03 10:39:07 177.00 270.00 1942.50 520.00 
1620038348 2021.05.03 10:39:08 178.00 272.50 1942.50 520.00 
1620038349 2021.05.03 10:39:09 179.00 272.50 1942.50 520.00 
1620038350 2021.05.03 10:39:10 180.00 272.50 1941.25 520.00 
1620038351 2021.05.03 10:39:11 181.00 271.25 1942.50 520.00 
1620038352 2021.05.03 10:39:12 182.00 272.50 1942.50 520.00 
1620038353 2021.05.03 10:39:13 183.00 271.25 1940.00 520.00 
1620038354 2021.05.03 10:39:14 184.00 272.50 1942.50 520.00 
1620038355 2021.05.03 10:39:15 185.00 271.25 1940.00 520.00 
1620038356 2021.05.03 10:39:16 186.00 272.50 1941.25 520.00 
1620038357 2021.05.03 10:39:17 187.00 272.50 1941.25 520.00 
1620038358 2021.05.03 10:39:18 188.00 270.00 1942.50 520.00 
1620038359 2021.05.03 10:39:19 189.00 271.25 1941.25 520.00 
1620038360 2021.05.03 10:39:20 190.00 271.25 1942.50 520.00 
1620038361 2021.05.03 10:39:21 191.00 270.00 1928.75 520.00 
1620038362 2021.05.03 10:39:22 192.00 277.50 1981.25 550.00 
1620038363 2021.05.03 10:39:23 193.00 1.25 0.00 0.00 
1620038364 2021.05.03 10:39:24 194.00 -2.50 0.00 0.00 
1620038365 2021.05.03 10:39:25 195.00 0.00 0.00 0.00 
1620038366 2021.05.03 10:39:26 196.00 1.25 0.00 0.00 
