1620039037 2021.05.03 10:50:37 0.00 273.75 1955.00 540.00 
1620039037 2021.05.03 10:50:37 1.00 272.50 1955.00 540.00 
1620039038 2021.05.03 10:50:38 2.00 272.50 1955.00 540.00 
1620039038 2021.05.03 10:50:38 3.00 272.50 1956.25 540.00 
1620039039 2021.05.03 10:50:39 4.00 275.00 1956.25 540.00 
1620039040 2021.05.03 10:50:40 5.00 272.50 1955.00 540.00 
1620039041 2021.05.03 10:50:41 6.00 273.75 1955.00 540.00 
1620039042 2021.05.03 10:50:42 7.00 275.00 1955.00 540.00 
1620039043 2021.05.03 10:50:43 8.00 273.75 1953.75 540.00 
1620039044 2021.05.03 10:50:44 9.00 272.50 1953.75 540.00 
1620039045 2021.05.03 10:50:45 10.00 272.50 1953.75 540.00 
1620039046 2021.05.03 10:50:46 11.00 273.75 1952.50 540.00 
1620039047 2021.05.03 10:50:47 12.00 275.00 1953.75 540.00 
1620039048 2021.05.03 10:50:48 13.00 273.75 1952.50 540.00 
1620039049 2021.05.03 10:50:49 14.00 272.50 1952.50 540.00 
1620039050 2021.05.03 10:50:50 15.00 271.25 1953.75 520.00 
1620039051 2021.05.03 10:50:51 16.00 272.50 1953.75 540.00 
1620039052 2021.05.03 10:50:52 17.00 273.75 1952.50 540.00 
1620039053 2021.05.03 10:50:53 18.00 272.50 1952.50 540.00 
1620039054 2021.05.03 10:50:54 19.00 273.75 1951.25 540.00 
1620039055 2021.05.03 10:50:55 20.00 271.25 1952.50 520.00 
1620039056 2021.05.03 10:50:56 21.00 273.75 1952.50 540.00 
1620039057 2021.05.03 10:50:57 22.00 273.75 1951.25 540.00 
1620039058 2021.05.03 10:50:58 23.00 273.75 1952.50 540.00 
1620039059 2021.05.03 10:50:59 24.00 273.75 1951.25 540.00 
1620039060 2021.05.03 10:51:00 25.00 273.75 1951.25 540.00 
1620039061 2021.05.03 10:51:01 26.00 273.75 1951.25 540.00 
1620039062 2021.05.03 10:51:02 27.00 272.50 1951.25 540.00 
1620039063 2021.05.03 10:51:03 28.00 272.50 1952.50 540.00 
1620039064 2021.05.03 10:51:04 29.00 276.25 1951.25 540.00 
1620039065 2021.05.03 10:51:05 30.00 272.50 1951.25 540.00 
1620039066 2021.05.03 10:51:06 31.00 272.50 1951.25 540.00 
1620039067 2021.05.03 10:51:07 32.00 275.00 1951.25 540.00 
1620039068 2021.05.03 10:51:08 33.00 272.50 1952.50 540.00 
1620039069 2021.05.03 10:51:09 34.00 273.75 1950.00 540.00 
1620039070 2021.05.03 10:51:10 35.00 273.75 1951.25 540.00 
1620039071 2021.05.03 10:51:11 36.00 273.75 1951.25 540.00 
1620039072 2021.05.03 10:51:12 37.00 273.75 1950.00 540.00 
1620039073 2021.05.03 10:51:13 38.00 272.50 1950.00 540.00 
1620039074 2021.05.03 10:51:14 39.00 272.50 1951.25 540.00 
1620039075 2021.05.03 10:51:15 40.00 272.50 1950.00 540.00 
1620039076 2021.05.03 10:51:16 41.00 272.50 1951.25 540.00 
1620039077 2021.05.03 10:51:17 42.00 272.50 1950.00 540.00 
1620039078 2021.05.03 10:51:18 43.00 273.75 1952.50 540.00 
1620039079 2021.05.03 10:51:19 44.00 273.75 1951.25 540.00 
1620039080 2021.05.03 10:51:20 45.00 272.50 1948.75 520.00 
1620039081 2021.05.03 10:51:21 46.00 272.50 1950.00 540.00 
1620039082 2021.05.03 10:51:22 47.00 272.50 1946.25 520.00 
1620039083 2021.05.03 10:51:23 48.00 272.50 1947.50 520.00 
1620039084 2021.05.03 10:51:24 49.00 271.25 1947.50 520.00 
1620039085 2021.05.03 10:51:25 50.00 273.75 1947.50 540.00 
1620039086 2021.05.03 10:51:26 51.00 271.25 1945.00 520.00 
1620039087 2021.05.03 10:51:27 52.00 272.50 1945.00 520.00 
1620039088 2021.05.03 10:51:28 53.00 272.50 1947.50 520.00 
1620039089 2021.05.03 10:51:29 54.00 272.50 1946.25 520.00 
1620039090 2021.05.03 10:51:30 55.00 273.75 1947.50 540.00 
1620039091 2021.05.03 10:51:31 56.00 273.75 1947.50 540.00 
1620039092 2021.05.03 10:51:32 57.00 273.75 1946.25 540.00 
1620039093 2021.05.03 10:51:33 58.00 271.25 1947.50 520.00 
1620039094 2021.05.03 10:51:34 59.00 273.75 1947.50 540.00 
1620039095 2021.05.03 10:51:35 60.00 271.25 1947.50 520.00 
1620039096 2021.05.03 10:51:36 61.00 273.75 1947.50 520.00 
1620039097 2021.05.03 10:51:37 62.00 275.00 1955.00 540.00 
1620039098 2021.05.03 10:51:38 63.00 273.75 1953.75 540.00 
1620039099 2021.05.03 10:51:39 64.00 -2.50 0.00 0.00 
1620039100 2021.05.03 10:51:40 65.00 -1.25 0.00 0.00 
1620039101 2021.05.03 10:51:41 66.00 0.00 0.00 0.00 
1620039102 2021.05.03 10:51:42 67.00 -1.25 0.00 0.00 
1620039103 2021.05.03 10:51:43 68.00 -1.25 0.00 0.00 
1620039104 2021.05.03 10:51:44 69.00 -1.25 0.00 0.00 
1620039105 2021.05.03 10:51:45 70.00 -1.25 0.00 0.00 
1620039106 2021.05.03 10:51:46 71.00 0.00 0.00 0.00 
1620039107 2021.05.03 10:51:47 72.00 -1.25 0.00 0.00 
1620039108 2021.05.03 10:51:48 73.00 -1.25 0.00 0.00 
1620039109 2021.05.03 10:51:49 74.00 -1.25 0.00 0.00 
1620039110 2021.05.03 10:51:50 75.00 -1.25 0.00 0.00 
1620039111 2021.05.03 10:51:51 76.00 -1.25 0.00 0.00 
1620039112 2021.05.03 10:51:52 77.00 -1.25 0.00 0.00 
1620039113 2021.05.03 10:51:53 78.00 -2.50 0.00 0.00 
1620039114 2021.05.03 10:51:54 79.00 -1.25 0.00 0.00 
1620039115 2021.05.03 10:51:55 80.00 0.00 0.00 0.00 
1620039116 2021.05.03 10:51:56 81.00 -1.25 0.00 0.00 
1620039117 2021.05.03 10:51:57 82.00 0.00 0.00 0.00 
1620039118 2021.05.03 10:51:58 83.00 -1.25 0.00 0.00 
1620039119 2021.05.03 10:51:59 84.00 0.00 0.00 0.00 
1620039120 2021.05.03 10:52:00 85.00 -1.25 0.00 0.00 
1620039121 2021.05.03 10:52:01 86.00 0.00 0.00 0.00 
1620039122 2021.05.03 10:52:02 87.00 0.00 0.00 0.00 
1620039123 2021.05.03 10:52:03 88.00 1.25 0.00 0.00 
1620039124 2021.05.03 10:52:04 89.00 -1.25 0.00 0.00 
1620039125 2021.05.03 10:52:05 90.00 0.00 0.00 0.00 
1620039126 2021.05.03 10:52:06 91.00 0.00 0.00 0.00 
1620039127 2021.05.03 10:52:07 92.00 1.25 0.00 0.00 
1620039128 2021.05.03 10:52:08 93.00 1.25 0.00 0.00 
1620039129 2021.05.03 10:52:09 94.00 -1.25 1.25 0.00 
1620039130 2021.05.03 10:52:10 95.00 0.00 0.00 0.00 
1620039131 2021.05.03 10:52:11 96.00 0.00 0.00 0.00 
1620039132 2021.05.03 10:52:12 97.00 -1.25 0.00 0.00 
1620039133 2021.05.03 10:52:13 98.00 0.00 0.00 0.00 
1620039134 2021.05.03 10:52:14 99.00 -2.50 0.00 0.00 
1620039135 2021.05.03 10:52:15 100.00 0.00 0.00 0.00 
1620039136 2021.05.03 10:52:16 101.00 -1.25 0.00 0.00 
1620039137 2021.05.03 10:52:17 102.00 1.25 0.00 0.00 
1620039138 2021.05.03 10:52:18 103.00 1.25 1.25 0.00 
1620039139 2021.05.03 10:52:19 104.00 -1.25 0.00 0.00 
1620039140 2021.05.03 10:52:20 105.00 0.00 1.25 0.00 
1620039141 2021.05.03 10:52:21 106.00 -1.25 0.00 0.00 
1620039142 2021.05.03 10:52:22 107.00 -1.25 0.00 0.00 
1620039143 2021.05.03 10:52:23 108.00 -1.25 0.00 0.00 
1620039144 2021.05.03 10:52:24 109.00 0.00 0.00 0.00 
1620039145 2021.05.03 10:52:25 110.00 -1.25 0.00 0.00 
1620039146 2021.05.03 10:52:26 111.00 0.00 0.00 0.00 
1620039147 2021.05.03 10:52:27 112.00 0.00 0.00 0.00 
1620039148 2021.05.03 10:52:28 113.00 -1.25 0.00 0.00 
1620039149 2021.05.03 10:52:29 114.00 -1.25 0.00 0.00 
1620039150 2021.05.03 10:52:30 115.00 1.25 1.25 0.00 
1620039151 2021.05.03 10:52:31 116.00 0.00 0.00 0.00 
1620039152 2021.05.03 10:52:32 117.00 -1.25 0.00 0.00 
1620039153 2021.05.03 10:52:33 118.00 -1.25 0.00 0.00 
1620039154 2021.05.03 10:52:34 119.00 -1.25 0.00 0.00 
1620039155 2021.05.03 10:52:35 120.00 -1.25 0.00 0.00 
1620039156 2021.05.03 10:52:36 121.00 0.00 0.00 0.00 
1620039157 2021.05.03 10:52:37 122.00 0.00 0.00 0.00 
1620039158 2021.05.03 10:52:38 123.00 -1.25 0.00 0.00 
1620039159 2021.05.03 10:52:39 124.00 0.00 0.00 0.00 
1620039160 2021.05.03 10:52:40 125.00 0.00 0.00 0.00 
1620039161 2021.05.03 10:52:41 126.00 0.00 0.00 0.00 
1620039162 2021.05.03 10:52:42 127.00 0.00 0.00 0.00 
1620039163 2021.05.03 10:52:43 128.00 -1.25 1.25 0.00 
1620039164 2021.05.03 10:52:44 129.00 0.00 0.00 0.00 
1620039165 2021.05.03 10:52:45 130.00 0.00 0.00 0.00 
1620039166 2021.05.03 10:52:46 131.00 -1.25 0.00 0.00 
1620039167 2021.05.03 10:52:47 132.00 0.00 0.00 0.00 
1620039168 2021.05.03 10:52:48 133.00 0.00 0.00 0.00 
1620039169 2021.05.03 10:52:49 134.00 0.00 0.00 0.00 
1620039170 2021.05.03 10:52:50 135.00 -2.50 0.00 0.00 
1620039171 2021.05.03 10:52:51 136.00 0.00 0.00 0.00 
1620039172 2021.05.03 10:52:52 137.00 1.25 0.00 0.00 
1620039173 2021.05.03 10:52:53 138.00 0.00 0.00 0.00 
1620039174 2021.05.03 10:52:54 139.00 1.25 0.00 0.00 
1620039175 2021.05.03 10:52:55 140.00 1.25 0.00 0.00 
1620039176 2021.05.03 10:52:56 141.00 -1.25 0.00 0.00 
1620039177 2021.05.03 10:52:57 142.00 -1.25 0.00 0.00 
1620039178 2021.05.03 10:52:58 143.00 -1.25 0.00 0.00 
1620039179 2021.05.03 10:52:59 144.00 0.00 0.00 0.00 
1620039180 2021.05.03 10:53:00 145.00 -1.25 0.00 0.00 
1620039181 2021.05.03 10:53:01 146.00 -1.25 0.00 0.00 
1620039182 2021.05.03 10:53:02 147.00 -1.25 0.00 0.00 
1620039183 2021.05.03 10:53:03 148.00 1.25 0.00 0.00 
1620039184 2021.05.03 10:53:04 149.00 -1.25 0.00 0.00 
1620039185 2021.05.03 10:53:05 150.00 -2.50 0.00 0.00 
1620039186 2021.05.03 10:53:06 151.00 0.00 0.00 0.00 
1620039187 2021.05.03 10:53:07 152.00 0.00 0.00 0.00 
1620039188 2021.05.03 10:53:08 153.00 0.00 0.00 0.00 
1620039189 2021.05.03 10:53:09 154.00 0.00 0.00 0.00 
1620039190 2021.05.03 10:53:10 155.00 1.25 0.00 0.00 
1620039191 2021.05.03 10:53:11 156.00 -1.25 0.00 0.00 
1620039192 2021.05.03 10:53:12 157.00 0.00 0.00 0.00 
1620039193 2021.05.03 10:53:13 158.00 -1.25 0.00 0.00 
1620039194 2021.05.03 10:53:14 159.00 0.00 0.00 0.00 
1620039195 2021.05.03 10:53:15 160.00 0.00 0.00 0.00 
1620039196 2021.05.03 10:53:16 161.00 -1.25 0.00 0.00 
1620039197 2021.05.03 10:53:17 162.00 -1.25 1.25 0.00 
1620039198 2021.05.03 10:53:18 163.00 0.00 0.00 0.00 
1620039199 2021.05.03 10:53:19 164.00 -1.25 0.00 0.00 
1620039200 2021.05.03 10:53:20 165.00 0.00 0.00 0.00 
1620039201 2021.05.03 10:53:21 166.00 0.00 0.00 0.00 
1620039202 2021.05.03 10:53:22 167.00 0.00 0.00 0.00 
1620039203 2021.05.03 10:53:23 168.00 0.00 0.00 0.00 
1620039204 2021.05.03 10:53:24 169.00 0.00 0.00 0.00 
1620039205 2021.05.03 10:53:25 170.00 -1.25 0.00 0.00 
1620039206 2021.05.03 10:53:26 171.00 0.00 0.00 0.00 
1620039207 2021.05.03 10:53:27 172.00 -1.25 0.00 0.00 
1620039208 2021.05.03 10:53:28 173.00 -1.25 0.00 0.00 
1620039209 2021.05.03 10:53:29 174.00 -1.25 0.00 0.00 
1620039210 2021.05.03 10:53:30 175.00 -1.25 0.00 0.00 
1620039211 2021.05.03 10:53:31 176.00 -1.25 0.00 0.00 
1620039212 2021.05.03 10:53:32 177.00 0.00 0.00 0.00 
1620039213 2021.05.03 10:53:33 178.00 0.00 0.00 0.00 
1620039214 2021.05.03 10:53:34 179.00 0.00 0.00 0.00 
1620039215 2021.05.03 10:53:35 180.00 -1.25 0.00 0.00 
1620039216 2021.05.03 10:53:36 181.00 0.00 0.00 0.00 
1620039217 2021.05.03 10:53:37 182.00 -1.25 0.00 0.00 
1620039218 2021.05.03 10:53:38 183.00 0.00 0.00 0.00 
1620039219 2021.05.03 10:53:39 184.00 -1.25 0.00 0.00 
1620039220 2021.05.03 10:53:40 185.00 1.25 0.00 0.00 
1620039221 2021.05.03 10:53:41 186.00 -1.25 0.00 0.00 
1620039222 2021.05.03 10:53:42 187.00 -2.50 0.00 0.00 
1620039223 2021.05.03 10:53:43 188.00 -1.25 0.00 0.00 
1620039224 2021.05.03 10:53:44 189.00 0.00 0.00 0.00 
1620039225 2021.05.03 10:53:45 190.00 0.00 0.00 0.00 
1620039226 2021.05.03 10:53:46 191.00 0.00 0.00 0.00 
1620039227 2021.05.03 10:53:47 192.00 0.00 0.00 0.00 
1620039228 2021.05.03 10:53:48 193.00 0.00 0.00 0.00 
1620039229 2021.05.03 10:53:49 194.00 -1.25 0.00 0.00 
1620039230 2021.05.03 10:53:50 195.00 0.00 0.00 0.00 
1620039231 2021.05.03 10:53:51 196.00 0.00 0.00 0.00 
1620039232 2021.05.03 10:53:52 197.00 0.00 0.00 0.00 
1620039233 2021.05.03 10:53:53 198.00 1.25 0.00 0.00 
1620039234 2021.05.03 10:53:54 199.00 -1.25 0.00 0.00 
1620039235 2021.05.03 10:53:55 200.00 -1.25 0.00 0.00 
1620039236 2021.05.03 10:53:56 201.00 -1.25 0.00 0.00 
1620039237 2021.05.03 10:53:57 202.00 -1.25 0.00 0.00 
1620039238 2021.05.03 10:53:58 203.00 0.00 0.00 0.00 
1620039239 2021.05.03 10:53:59 204.00 1.25 0.00 0.00 
1620039240 2021.05.03 10:54:00 205.00 0.00 0.00 0.00 
1620039241 2021.05.03 10:54:01 206.00 -1.25 0.00 0.00 
1620039242 2021.05.03 10:54:02 207.00 -1.25 0.00 0.00 
1620039243 2021.05.03 10:54:03 208.00 0.00 0.00 0.00 
1620039244 2021.05.03 10:54:04 209.00 0.00 0.00 0.00 
1620039245 2021.05.03 10:54:05 210.00 0.00 0.00 0.00 
1620039246 2021.05.03 10:54:06 211.00 0.00 0.00 0.00 
1620039247 2021.05.03 10:54:07 212.00 -2.50 0.00 0.00 
1620039248 2021.05.03 10:54:08 213.00 -1.25 0.00 0.00 
1620039249 2021.05.03 10:54:09 214.00 1.25 0.00 0.00 
1620039250 2021.05.03 10:54:10 215.00 -1.25 0.00 0.00 
1620039251 2021.05.03 10:54:11 216.00 -1.25 0.00 0.00 
1620039252 2021.05.03 10:54:12 217.00 0.00 1.25 0.00 
1620039253 2021.05.03 10:54:13 218.00 0.00 0.00 0.00 
1620039254 2021.05.03 10:54:14 219.00 0.00 0.00 0.00 
1620039255 2021.05.03 10:54:15 220.00 -1.25 0.00 0.00 
1620039256 2021.05.03 10:54:16 221.00 -1.25 0.00 0.00 
1620039257 2021.05.03 10:54:17 222.00 -2.50 0.00 0.00 
1620039258 2021.05.03 10:54:18 223.00 -1.25 0.00 0.00 
1620039259 2021.05.03 10:54:19 224.00 -1.25 0.00 0.00 
1620039260 2021.05.03 10:54:20 225.00 -1.25 1.25 0.00 
1620039261 2021.05.03 10:54:21 226.00 0.00 0.00 0.00 
1620039262 2021.05.03 10:54:22 227.00 -2.50 0.00 0.00 
1620039263 2021.05.03 10:54:23 228.00 0.00 0.00 0.00 
1620039264 2021.05.03 10:54:24 229.00 0.00 0.00 0.00 
1620039265 2021.05.03 10:54:25 230.00 0.00 0.00 0.00 
1620039266 2021.05.03 10:54:26 231.00 0.00 0.00 0.00 
1620039267 2021.05.03 10:54:27 232.00 0.00 0.00 0.00 
1620039268 2021.05.03 10:54:28 233.00 -1.25 1.25 0.00 
1620039269 2021.05.03 10:54:29 234.00 0.00 0.00 0.00 
1620039270 2021.05.03 10:54:30 235.00 0.00 0.00 0.00 
1620039271 2021.05.03 10:54:31 236.00 -1.25 0.00 0.00 
1620039272 2021.05.03 10:54:32 237.00 0.00 0.00 0.00 
1620039273 2021.05.03 10:54:33 238.00 -2.50 0.00 0.00 
1620039274 2021.05.03 10:54:34 239.00 -1.25 0.00 0.00 
1620039275 2021.05.03 10:54:35 240.00 0.00 0.00 0.00 
1620039276 2021.05.03 10:54:36 241.00 1.25 0.00 0.00 
1620039277 2021.05.03 10:54:37 242.00 1.25 0.00 0.00 
1620039278 2021.05.03 10:54:38 243.00 0.00 0.00 0.00 
1620039279 2021.05.03 10:54:39 244.00 -1.25 0.00 0.00 
1620039280 2021.05.03 10:54:40 245.00 0.00 0.00 0.00 
1620039281 2021.05.03 10:54:41 246.00 0.00 0.00 0.00 
1620039282 2021.05.03 10:54:42 247.00 0.00 0.00 0.00 
1620039283 2021.05.03 10:54:43 248.00 1.25 0.00 0.00 
1620039284 2021.05.03 10:54:44 249.00 -1.25 0.00 0.00 
1620039285 2021.05.03 10:54:45 250.00 -1.25 0.00 0.00 
1620039286 2021.05.03 10:54:46 251.00 0.00 0.00 0.00 
1620039287 2021.05.03 10:54:47 252.00 0.00 0.00 0.00 
1620039288 2021.05.03 10:54:48 253.00 0.00 1.25 0.00 
1620039289 2021.05.03 10:54:49 254.00 0.00 0.00 0.00 
1620039290 2021.05.03 10:54:50 255.00 0.00 0.00 0.00 
1620039291 2021.05.03 10:54:51 256.00 0.00 0.00 0.00 
1620039292 2021.05.03 10:54:52 257.00 0.00 0.00 0.00 
1620039293 2021.05.03 10:54:53 258.00 -2.50 0.00 0.00 
1620039294 2021.05.03 10:54:54 259.00 0.00 0.00 0.00 
1620039295 2021.05.03 10:54:55 260.00 -1.25 0.00 0.00 
1620039296 2021.05.03 10:54:56 261.00 -1.25 0.00 0.00 
1620039297 2021.05.03 10:54:57 262.00 0.00 0.00 0.00 
1620039298 2021.05.03 10:54:58 263.00 1.25 0.00 0.00 
1620039299 2021.05.03 10:54:59 264.00 0.00 0.00 0.00 
1620039300 2021.05.03 10:55:00 265.00 0.00 0.00 0.00 
1620039301 2021.05.03 10:55:01 266.00 0.00 0.00 0.00 
1620039302 2021.05.03 10:55:02 267.00 0.00 0.00 0.00 
1620039303 2021.05.03 10:55:03 268.00 0.00 0.00 0.00 
1620039304 2021.05.03 10:55:04 269.00 0.00 0.00 0.00 
1620039305 2021.05.03 10:55:05 270.00 0.00 0.00 0.00 
1620039306 2021.05.03 10:55:06 271.00 0.00 0.00 0.00 
1620039307 2021.05.03 10:55:07 272.00 0.00 0.00 0.00 
1620039308 2021.05.03 10:55:08 273.00 0.00 0.00 0.00 
1620039309 2021.05.03 10:55:09 274.00 -1.25 0.00 0.00 
1620039310 2021.05.03 10:55:10 275.00 -1.25 0.00 0.00 
1620039311 2021.05.03 10:55:11 276.00 -1.25 0.00 0.00 
1620039312 2021.05.03 10:55:12 277.00 1.25 0.00 0.00 
1620039313 2021.05.03 10:55:13 278.00 0.00 0.00 0.00 
1620039314 2021.05.03 10:55:14 279.00 0.00 0.00 0.00 
1620039315 2021.05.03 10:55:15 280.00 -1.25 0.00 0.00 
1620039316 2021.05.03 10:55:16 281.00 0.00 0.00 0.00 
1620039317 2021.05.03 10:55:17 282.00 0.00 0.00 0.00 
1620039318 2021.05.03 10:55:18 283.00 0.00 0.00 0.00 
1620039319 2021.05.03 10:55:19 284.00 1.25 0.00 0.00 
1620039320 2021.05.03 10:55:20 285.00 0.00 0.00 0.00 
1620039321 2021.05.03 10:55:21 286.00 0.00 0.00 0.00 
1620039322 2021.05.03 10:55:22 287.00 0.00 0.00 0.00 
1620039323 2021.05.03 10:55:23 288.00 0.00 0.00 0.00 
1620039324 2021.05.03 10:55:24 289.00 0.00 0.00 0.00 
1620039325 2021.05.03 10:55:25 290.00 0.00 0.00 0.00 
1620039326 2021.05.03 10:55:26 291.00 1.25 0.00 0.00 
1620039327 2021.05.03 10:55:27 292.00 0.00 0.00 0.00 
1620039328 2021.05.03 10:55:28 293.00 0.00 0.00 0.00 
1620039329 2021.05.03 10:55:29 294.00 -2.50 0.00 0.00 
1620039330 2021.05.03 10:55:30 295.00 0.00 0.00 0.00 
1620039331 2021.05.03 10:55:31 296.00 -1.25 0.00 0.00 
1620039332 2021.05.03 10:55:32 297.00 -2.50 0.00 0.00 
1620039333 2021.05.03 10:55:33 298.00 0.00 0.00 0.00 
1620039334 2021.05.03 10:55:34 299.00 0.00 0.00 0.00 
1620039335 2021.05.03 10:55:35 300.00 0.00 0.00 0.00 
1620039336 2021.05.03 10:55:36 301.00 0.00 0.00 0.00 
1620039337 2021.05.03 10:55:37 302.00 -1.25 0.00 0.00 
1620039338 2021.05.03 10:55:38 303.00 -1.25 0.00 0.00 
1620039339 2021.05.03 10:55:39 304.00 0.00 0.00 0.00 
1620039340 2021.05.03 10:55:40 305.00 0.00 0.00 0.00 
1620039341 2021.05.03 10:55:41 306.00 0.00 0.00 0.00 
1620039342 2021.05.03 10:55:42 307.00 1.25 0.00 0.00 
1620039343 2021.05.03 10:55:43 308.00 0.00 0.00 0.00 
1620039344 2021.05.03 10:55:44 309.00 -1.25 0.00 0.00 
1620039345 2021.05.03 10:55:45 310.00 0.00 0.00 0.00 
1620039346 2021.05.03 10:55:46 311.00 0.00 1.25 0.00 
1620039347 2021.05.03 10:55:47 312.00 -2.50 0.00 0.00 
1620039348 2021.05.03 10:55:48 313.00 0.00 0.00 0.00 
1620039349 2021.05.03 10:55:49 314.00 0.00 0.00 0.00 
1620039350 2021.05.03 10:55:50 315.00 1.25 0.00 0.00 
1620039351 2021.05.03 10:55:51 316.00 0.00 0.00 0.00 
1620039352 2021.05.03 10:55:52 317.00 -1.25 0.00 0.00 
1620039353 2021.05.03 10:55:53 318.00 -1.25 1.25 0.00 
1620039354 2021.05.03 10:55:54 319.00 1.25 0.00 0.00 
1620039355 2021.05.03 10:55:55 320.00 1.25 0.00 0.00 
1620039356 2021.05.03 10:55:56 321.00 0.00 0.00 0.00 
1620039357 2021.05.03 10:55:57 322.00 0.00 0.00 0.00 
1620039358 2021.05.03 10:55:58 323.00 -1.25 0.00 0.00 
1620039359 2021.05.03 10:55:59 324.00 266.25 1910.00 510.00 
1620039360 2021.05.03 10:56:00 325.00 267.50 1906.25 510.00 
1620039361 2021.05.03 10:56:01 326.00 266.25 1902.50 500.00 
1620039362 2021.05.03 10:56:02 327.00 0.00 0.00 0.00 
1620039363 2021.05.03 10:56:03 328.00 0.00 0.00 0.00 
1620039364 2021.05.03 10:56:04 329.00 -1.25 0.00 0.00 
1620039365 2021.05.03 10:56:05 330.00 0.00 0.00 0.00 
1620039366 2021.05.03 10:56:06 331.00 0.00 0.00 0.00 
1620039367 2021.05.03 10:56:07 332.00 0.00 0.00 0.00 
1620039368 2021.05.03 10:56:08 333.00 -1.25 0.00 0.00 
1620039369 2021.05.03 10:56:09 334.00 0.00 0.00 0.00 
1620039370 2021.05.03 10:56:10 335.00 1.25 0.00 0.00 
1620039371 2021.05.03 10:56:11 336.00 -1.25 0.00 0.00 
1620039372 2021.05.03 10:56:12 337.00 -1.25 0.00 0.00 
1620039373 2021.05.03 10:56:13 338.00 -1.25 0.00 0.00 
1620039374 2021.05.03 10:56:14 339.00 -1.25 0.00 0.00 
1620039375 2021.05.03 10:56:15 340.00 0.00 0.00 0.00 
1620039376 2021.05.03 10:56:16 341.00 -1.25 0.00 0.00 
1620039377 2021.05.03 10:56:17 342.00 -1.25 0.00 0.00 
1620039378 2021.05.03 10:56:18 343.00 0.00 0.00 0.00 
1620039379 2021.05.03 10:56:19 344.00 -1.25 0.00 0.00 
1620039380 2021.05.03 10:56:20 345.00 -1.25 0.00 0.00 
1620039381 2021.05.03 10:56:21 346.00 -1.25 0.00 0.00 
1620039382 2021.05.03 10:56:22 347.00 -1.25 0.00 0.00 
1620039383 2021.05.03 10:56:23 348.00 0.00 0.00 0.00 
1620039384 2021.05.03 10:56:24 349.00 0.00 0.00 0.00 
1620039385 2021.05.03 10:56:25 350.00 -1.25 0.00 0.00 
1620039386 2021.05.03 10:56:26 351.00 -1.25 0.00 0.00 
1620039387 2021.05.03 10:56:27 352.00 -1.25 0.00 0.00 
1620039388 2021.05.03 10:56:28 353.00 -2.50 0.00 0.00 
1620039389 2021.05.03 10:56:29 354.00 -1.25 0.00 0.00 
1620039390 2021.05.03 10:56:30 355.00 -1.25 0.00 0.00 
1620039391 2021.05.03 10:56:31 356.00 -1.25 0.00 0.00 
1620039392 2021.05.03 10:56:32 357.00 0.00 0.00 0.00 
1620039393 2021.05.03 10:56:33 358.00 1.25 0.00 0.00 
1620039394 2021.05.03 10:56:34 359.00 0.00 0.00 0.00 
1620039395 2021.05.03 10:56:35 360.00 0.00 0.00 0.00 
1620039396 2021.05.03 10:56:36 361.00 -1.25 0.00 0.00 
1620039397 2021.05.03 10:56:37 362.00 0.00 0.00 0.00 
1620039398 2021.05.03 10:56:38 363.00 0.00 0.00 0.00 
1620039399 2021.05.03 10:56:39 364.00 1.25 0.00 0.00 
1620039400 2021.05.03 10:56:40 365.00 0.00 0.00 0.00 
1620039401 2021.05.03 10:56:41 366.00 0.00 0.00 0.00 
1620039402 2021.05.03 10:56:42 367.00 -1.25 0.00 0.00 
1620039403 2021.05.03 10:56:43 368.00 0.00 0.00 0.00 
1620039404 2021.05.03 10:56:44 369.00 0.00 0.00 0.00 
1620039405 2021.05.03 10:56:45 370.00 0.00 0.00 0.00 
1620039406 2021.05.03 10:56:46 371.00 -1.25 0.00 0.00 
1620039407 2021.05.03 10:56:47 372.00 0.00 0.00 0.00 
1620039408 2021.05.03 10:56:48 373.00 -1.25 0.00 0.00 
1620039409 2021.05.03 10:56:49 374.00 0.00 0.00 0.00 
1620039410 2021.05.03 10:56:50 375.00 2.50 0.00 0.00 
1620039411 2021.05.03 10:56:51 376.00 -1.25 0.00 0.00 
1620039412 2021.05.03 10:56:52 377.00 -1.25 0.00 0.00 
1620039413 2021.05.03 10:56:53 378.00 0.00 0.00 0.00 
1620039414 2021.05.03 10:56:54 379.00 0.00 0.00 0.00 
1620039415 2021.05.03 10:56:55 380.00 0.00 0.00 0.00 
1620039416 2021.05.03 10:56:56 381.00 0.00 0.00 0.00 
1620039417 2021.05.03 10:56:57 382.00 -1.25 0.00 0.00 
1620039418 2021.05.03 10:56:58 383.00 0.00 0.00 0.00 
1620039419 2021.05.03 10:56:59 384.00 0.00 0.00 0.00 
1620039420 2021.05.03 10:57:00 385.00 -1.25 0.00 0.00 
1620039421 2021.05.03 10:57:01 386.00 0.00 0.00 0.00 
1620039422 2021.05.03 10:57:02 387.00 -1.25 0.00 0.00 
1620039423 2021.05.03 10:57:03 388.00 0.00 0.00 0.00 
1620039424 2021.05.03 10:57:04 389.00 -1.25 0.00 0.00 
1620039425 2021.05.03 10:57:05 390.00 0.00 0.00 0.00 
1620039426 2021.05.03 10:57:06 391.00 0.00 0.00 0.00 
1620039427 2021.05.03 10:57:07 392.00 -1.25 0.00 0.00 
1620039428 2021.05.03 10:57:08 393.00 0.00 0.00 0.00 
1620039429 2021.05.03 10:57:09 394.00 -1.25 0.00 0.00 
1620039430 2021.05.03 10:57:10 395.00 0.00 0.00 0.00 
1620039431 2021.05.03 10:57:11 396.00 0.00 0.00 0.00 
1620039432 2021.05.03 10:57:12 397.00 -1.25 0.00 0.00 
1620039433 2021.05.03 10:57:13 398.00 1.25 0.00 0.00 
1620039434 2021.05.03 10:57:14 399.00 -1.25 0.00 0.00 
1620039435 2021.05.03 10:57:15 400.00 -2.50 0.00 0.00 
1620039436 2021.05.03 10:57:16 401.00 0.00 0.00 0.00 
1620039437 2021.05.03 10:57:17 402.00 -1.25 0.00 0.00 
1620039438 2021.05.03 10:57:18 403.00 -1.25 0.00 0.00 
1620039439 2021.05.03 10:57:19 404.00 0.00 0.00 0.00 
1620039440 2021.05.03 10:57:20 405.00 -1.25 0.00 0.00 
1620039441 2021.05.03 10:57:21 406.00 0.00 0.00 0.00 
1620039442 2021.05.03 10:57:22 407.00 -1.25 0.00 0.00 
1620039443 2021.05.03 10:57:23 408.00 0.00 0.00 0.00 
1620039444 2021.05.03 10:57:24 409.00 -1.25 0.00 0.00 
1620039445 2021.05.03 10:57:25 410.00 0.00 0.00 0.00 
1620039446 2021.05.03 10:57:26 411.00 1.25 0.00 0.00 
1620039447 2021.05.03 10:57:27 412.00 0.00 0.00 0.00 
1620039448 2021.05.03 10:57:28 413.00 -1.25 0.00 0.00 
1620039449 2021.05.03 10:57:29 414.00 -1.25 0.00 0.00 
1620039450 2021.05.03 10:57:30 415.00 0.00 0.00 0.00 
1620039451 2021.05.03 10:57:31 416.00 0.00 0.00 0.00 
1620039452 2021.05.03 10:57:32 417.00 0.00 0.00 0.00 
1620039453 2021.05.03 10:57:33 418.00 -1.25 0.00 0.00 
1620121980 2021.05.04 09:53:00 419.00 1.25 1.25 0.00 
1620121980 2021.05.04 09:53:00 420.00 0.00 0.00 0.00 
1620121981 2021.05.04 09:53:01 421.00 0.00 0.00 0.00 
1620121982 2021.05.04 09:53:02 422.00 0.00 0.00 0.00 
1620121983 2021.05.04 09:53:03 423.00 -1.25 0.00 0.00 
1620121984 2021.05.04 09:53:04 424.00 -1.25 0.00 0.00 
1620121985 2021.05.04 09:53:05 425.00 -1.25 0.00 0.00 
1620121986 2021.05.04 09:53:06 426.00 0.00 0.00 0.00 
1620121987 2021.05.04 09:53:07 427.00 0.00 0.00 0.00 
1620121988 2021.05.04 09:53:08 428.00 -1.25 0.00 0.00 
1620121989 2021.05.04 09:53:09 429.00 -1.25 0.00 0.00 
1620121990 2021.05.04 09:53:10 430.00 -1.25 0.00 0.00 
1620121991 2021.05.04 09:53:11 431.00 1.25 0.00 0.00 
1620121992 2021.05.04 09:53:12 432.00 -2.50 0.00 0.00 
1620121993 2021.05.04 09:53:13 433.00 0.00 0.00 0.00 
1620121994 2021.05.04 09:53:14 434.00 -1.25 0.00 0.00 
1620121995 2021.05.04 09:53:15 435.00 -1.25 0.00 0.00 
1620121996 2021.05.04 09:53:16 436.00 -2.50 0.00 0.00 
1620121997 2021.05.04 09:53:17 437.00 -1.25 0.00 0.00 
1620121998 2021.05.04 09:53:18 438.00 0.00 0.00 0.00 
1620121999 2021.05.04 09:53:19 439.00 -1.25 0.00 0.00 
1620122000 2021.05.04 09:53:20 440.00 -1.25 0.00 0.00 
1620122001 2021.05.04 09:53:21 441.00 0.00 0.00 0.00 
1620122002 2021.05.04 09:53:22 442.00 -1.25 0.00 0.00 
1620122003 2021.05.04 09:53:23 443.00 -1.25 0.00 0.00 
1620122004 2021.05.04 09:53:24 444.00 -2.50 0.00 0.00 
1620122005 2021.05.04 09:53:25 445.00 -1.25 0.00 0.00 
1620122006 2021.05.04 09:53:26 446.00 0.00 0.00 0.00 
1620122007 2021.05.04 09:53:27 447.00 -1.25 0.00 0.00 
1620122008 2021.05.04 09:53:28 448.00 -2.50 0.00 0.00 
1620122009 2021.05.04 09:53:29 449.00 -1.25 0.00 0.00 
1620122010 2021.05.04 09:53:30 450.00 -1.25 0.00 0.00 
1620122011 2021.05.04 09:53:31 451.00 0.00 0.00 0.00 
1620122012 2021.05.04 09:53:32 452.00 -1.25 0.00 0.00 
1620122013 2021.05.04 09:53:33 453.00 1.25 0.00 0.00 
1620122014 2021.05.04 09:53:34 454.00 -1.25 0.00 0.00 
1620122015 2021.05.04 09:53:35 455.00 0.00 0.00 0.00 
1620122016 2021.05.04 09:53:36 456.00 1.25 0.00 0.00 
1620122017 2021.05.04 09:53:37 457.00 -2.50 0.00 0.00 
1620122018 2021.05.04 09:53:38 458.00 0.00 0.00 0.00 
1620122019 2021.05.04 09:53:39 459.00 1.25 0.00 0.00 
1620122020 2021.05.04 09:53:40 460.00 0.00 0.00 0.00 
1620122021 2021.05.04 09:53:41 461.00 -2.50 0.00 0.00 
1620122022 2021.05.04 09:53:42 462.00 0.00 0.00 0.00 
1620122023 2021.05.04 09:53:43 463.00 -1.25 0.00 0.00 
1620122024 2021.05.04 09:53:44 464.00 -1.25 0.00 0.00 
1620122025 2021.05.04 09:53:45 465.00 1.25 0.00 0.00 
1620122026 2021.05.04 09:53:46 466.00 1.25 0.00 0.00 
1620122027 2021.05.04 09:53:47 467.00 0.00 0.00 0.00 
1620122028 2021.05.04 09:53:48 468.00 1.25 0.00 0.00 
1620122029 2021.05.04 09:53:49 469.00 0.00 0.00 0.00 
1620122030 2021.05.04 09:53:50 470.00 0.00 0.00 0.00 
1620122031 2021.05.04 09:53:51 471.00 0.00 0.00 0.00 
1620122032 2021.05.04 09:53:52 472.00 0.00 0.00 0.00 
1620122033 2021.05.04 09:53:53 473.00 -1.25 0.00 0.00 
1620122034 2021.05.04 09:53:54 474.00 -1.25 0.00 0.00 
1620122035 2021.05.04 09:53:55 475.00 0.00 0.00 0.00 
1620122036 2021.05.04 09:53:56 476.00 -1.25 0.00 0.00 
1620122037 2021.05.04 09:53:57 477.00 -1.25 0.00 0.00 
1620122038 2021.05.04 09:53:58 478.00 -1.25 0.00 0.00 
1620122039 2021.05.04 09:53:59 479.00 0.00 0.00 0.00 
1620122040 2021.05.04 09:54:00 480.00 -1.25 0.00 0.00 
1620122041 2021.05.04 09:54:01 481.00 -1.25 0.00 0.00 
1620122042 2021.05.04 09:54:02 482.00 0.00 0.00 0.00 
1620122043 2021.05.04 09:54:03 483.00 0.00 0.00 0.00 
1620122044 2021.05.04 09:54:04 484.00 0.00 1.25 0.00 
1620122045 2021.05.04 09:54:05 485.00 0.00 0.00 0.00 
1620122046 2021.05.04 09:54:06 486.00 -2.50 0.00 0.00 
1620122047 2021.05.04 09:54:07 487.00 -1.25 0.00 0.00 
1620122048 2021.05.04 09:54:08 488.00 -1.25 0.00 0.00 
1620122049 2021.05.04 09:54:09 489.00 0.00 0.00 0.00 
1620122050 2021.05.04 09:54:10 490.00 -1.25 0.00 0.00 
1620122051 2021.05.04 09:54:11 491.00 -1.25 0.00 0.00 
1620122052 2021.05.04 09:54:12 492.00 -1.25 0.00 0.00 
1620122053 2021.05.04 09:54:13 493.00 -1.25 0.00 0.00 
1620122054 2021.05.04 09:54:14 494.00 0.00 0.00 0.00 
1620122055 2021.05.04 09:54:15 495.00 -1.25 0.00 0.00 
1620122056 2021.05.04 09:54:16 496.00 -1.25 0.00 0.00 
1620122057 2021.05.04 09:54:17 497.00 -1.25 0.00 0.00 
1620122058 2021.05.04 09:54:18 498.00 -1.25 0.00 0.00 
1620122059 2021.05.04 09:54:19 499.00 1.25 0.00 0.00 
1620122060 2021.05.04 09:54:20 500.00 0.00 0.00 0.00 
1620122061 2021.05.04 09:54:21 501.00 0.00 0.00 0.00 
1620122062 2021.05.04 09:54:22 502.00 0.00 0.00 0.00 
1620122063 2021.05.04 09:54:23 503.00 -2.50 0.00 0.00 
1620122064 2021.05.04 09:54:24 504.00 -1.25 0.00 0.00 
1620122065 2021.05.04 09:54:25 505.00 -1.25 0.00 0.00 
1620122066 2021.05.04 09:54:26 506.00 1.25 0.00 0.00 
1620122067 2021.05.04 09:54:27 507.00 -1.25 0.00 0.00 
1620122068 2021.05.04 09:54:28 508.00 0.00 0.00 0.00 
1620122069 2021.05.04 09:54:29 509.00 0.00 0.00 0.00 
1620122070 2021.05.04 09:54:30 510.00 -1.25 0.00 0.00 
1620122071 2021.05.04 09:54:31 511.00 -2.50 0.00 0.00 
1620122072 2021.05.04 09:54:32 512.00 -1.25 0.00 0.00 
1620122073 2021.05.04 09:54:33 513.00 -1.25 0.00 0.00 
1620122074 2021.05.04 09:54:34 514.00 -1.25 0.00 0.00 
1620122075 2021.05.04 09:54:35 515.00 0.00 0.00 0.00 
1620122076 2021.05.04 09:54:36 516.00 -1.25 0.00 0.00 
1620122077 2021.05.04 09:54:37 517.00 -1.25 0.00 0.00 
1620122078 2021.05.04 09:54:38 518.00 -1.25 0.00 0.00 
1620122079 2021.05.04 09:54:39 519.00 -1.25 0.00 0.00 
1620122080 2021.05.04 09:54:40 520.00 1.25 0.00 0.00 
1620122081 2021.05.04 09:54:41 521.00 -2.50 0.00 0.00 
1620122082 2021.05.04 09:54:42 522.00 0.00 0.00 0.00 
1620122083 2021.05.04 09:54:43 523.00 0.00 0.00 0.00 
1620122084 2021.05.04 09:54:44 524.00 -2.50 0.00 0.00 
1620122085 2021.05.04 09:54:45 525.00 0.00 0.00 0.00 
1620122086 2021.05.04 09:54:46 526.00 0.00 0.00 0.00 
1620122087 2021.05.04 09:54:47 527.00 0.00 0.00 0.00 
1620122088 2021.05.04 09:54:48 528.00 -1.25 0.00 0.00 
1620122089 2021.05.04 09:54:49 529.00 -1.25 0.00 0.00 
1620122090 2021.05.04 09:54:50 530.00 -1.25 0.00 0.00 
1620122091 2021.05.04 09:54:51 531.00 0.00 0.00 0.00 
1620122092 2021.05.04 09:54:52 532.00 0.00 0.00 0.00 
