1620038796 2021.05.03 10:46:36 0.00 0.00 0.00 0.00 
1620038796 2021.05.03 10:46:36 1.00 0.00 0.00 0.00 
1620038796 2021.05.03 10:46:36 2.00 -1.25 0.00 0.00 
1620038797 2021.05.03 10:46:37 3.00 -1.25 0.00 0.00 
1620038798 2021.05.03 10:46:38 4.00 -2.50 0.00 0.00 
1620038799 2021.05.03 10:46:39 5.00 -1.25 0.00 0.00 
1620038800 2021.05.03 10:46:40 6.00 -1.25 0.00 0.00 
1620038801 2021.05.03 10:46:41 7.00 -1.25 0.00 0.00 
1620038802 2021.05.03 10:46:42 8.00 0.00 0.00 0.00 
1620038803 2021.05.03 10:46:43 9.00 -2.50 0.00 0.00 
1620038804 2021.05.03 10:46:44 10.00 0.00 0.00 0.00 
1620038805 2021.05.03 10:46:45 11.00 0.00 0.00 0.00 
1620038806 2021.05.03 10:46:46 12.00 -1.25 0.00 0.00 
1620038807 2021.05.03 10:46:47 13.00 0.00 0.00 0.00 
1620038808 2021.05.03 10:46:48 14.00 -1.25 0.00 0.00 
1620038809 2021.05.03 10:46:49 15.00 -1.25 0.00 0.00 
1620038810 2021.05.03 10:46:50 16.00 -1.25 1.25 0.00 
1620038811 2021.05.03 10:46:51 17.00 0.00 0.00 0.00 
1620038812 2021.05.03 10:46:52 18.00 -1.25 0.00 0.00 
