1620115589 2021.05.04 08:06:29 0.00 1.25 0.00 0.00 
1620115590 2021.05.04 08:06:30 1.00 -1.25 1.25 0.00 
1620115590 2021.05.04 08:06:30 2.00 0.00 0.00 0.00 
1620115590 2021.05.04 08:06:30 3.00 1.25 0.00 0.00 
1620115591 2021.05.04 08:06:31 4.00 0.00 0.00 0.00 
1620115592 2021.05.04 08:06:32 5.00 -1.25 0.00 0.00 
1620115593 2021.05.04 08:06:33 6.00 0.00 0.00 0.00 
1620115594 2021.05.04 08:06:34 7.00 -1.25 0.00 0.00 
1620115595 2021.05.04 08:06:35 8.00 0.00 0.00 0.00 
1620115596 2021.05.04 08:06:36 9.00 0.00 0.00 0.00 
1620115597 2021.05.04 08:06:37 10.00 -2.50 0.00 0.00 
1620115598 2021.05.04 08:06:38 11.00 -1.25 2.50 0.00 
1620115599 2021.05.04 08:06:39 12.00 -1.25 0.00 0.00 
1620115600 2021.05.04 08:06:40 13.00 0.00 0.00 0.00 
1620115601 2021.05.04 08:06:41 14.00 -2.50 0.00 0.00 
1620115602 2021.05.04 08:06:42 15.00 0.00 0.00 0.00 
1620115603 2021.05.04 08:06:43 16.00 0.00 0.00 0.00 
1620115604 2021.05.04 08:06:44 17.00 1.25 0.00 0.00 
1620115605 2021.05.04 08:06:45 18.00 0.00 0.00 0.00 
1620115606 2021.05.04 08:06:46 19.00 -1.25 0.00 0.00 
1620115607 2021.05.04 08:06:47 20.00 0.00 0.00 0.00 
1620115608 2021.05.04 08:06:48 21.00 -2.50 0.00 0.00 
1620115609 2021.05.04 08:06:49 22.00 -1.25 0.00 0.00 
1620115610 2021.05.04 08:06:50 23.00 0.00 0.00 0.00 
