1620120663 2021.05.04 09:31:03 0.00 1.25 0.00 0.00 
1620120663 2021.05.04 09:31:03 1.00 0.00 0.00 0.00 
1620120663 2021.05.04 09:31:03 2.00 0.00 0.00 0.00 
1620120663 2021.05.04 09:31:03 3.00 0.00 0.00 0.00 
1620120663 2021.05.04 09:31:03 4.00 -1.25 0.00 0.00 
1620120663 2021.05.04 09:31:03 5.00 0.00 0.00 0.00 
1620120663 2021.05.04 09:31:03 6.00 0.00 0.00 0.00 
1620120664 2021.05.04 09:31:04 7.00 -1.25 0.00 0.00 
1620120664 2021.05.04 09:31:04 8.00 -1.25 0.00 0.00 
1620120664 2021.05.04 09:31:04 9.00 0.00 0.00 0.00 
1620120665 2021.05.04 09:31:05 10.00 0.00 0.00 0.00 
1620120666 2021.05.04 09:31:06 11.00 0.00 0.00 0.00 
