1620039198 2021.05.03 10:53:18 0.00 0.00 0.00 0.00 
1620039198 2021.05.03 10:53:18 1.00 0.00 0.00 0.00 
1620039198 2021.05.03 10:53:18 2.00 -1.25 0.00 0.00 
1620039198 2021.05.03 10:53:18 3.00 1.25 0.00 0.00 
1620039199 2021.05.03 10:53:19 4.00 0.00 0.00 0.00 
1620039200 2021.05.03 10:53:20 5.00 -2.50 0.00 0.00 
1620039201 2021.05.03 10:53:21 6.00 -1.25 0.00 0.00 
1620039202 2021.05.03 10:53:22 7.00 0.00 0.00 0.00 
1620039203 2021.05.03 10:53:23 8.00 -2.50 0.00 0.00 
1620039204 2021.05.03 10:53:24 9.00 0.00 0.00 0.00 
1620039205 2021.05.03 10:53:25 10.00 0.00 0.00 0.00 
