1620038873 2021.05.03 10:47:53 0.00 0.00 0.00 0.00 
1620038873 2021.05.03 10:47:53 1.00 0.00 0.00 0.00 
1620038873 2021.05.03 10:47:53 2.00 -1.25 0.00 0.00 
1620038874 2021.05.03 10:47:54 3.00 -1.25 0.00 0.00 
1620038875 2021.05.03 10:47:55 4.00 -1.25 0.00 0.00 
1620038876 2021.05.03 10:47:56 5.00 0.00 0.00 0.00 
1620038877 2021.05.03 10:47:57 6.00 -1.25 0.00 0.00 
1620038878 2021.05.03 10:47:58 7.00 -1.25 0.00 0.00 
1620038879 2021.05.03 10:47:59 8.00 -1.25 0.00 0.00 
1620038880 2021.05.03 10:48:00 9.00 0.00 0.00 0.00 
1620038881 2021.05.03 10:48:01 10.00 276.25 1952.50 540.00 
1620038882 2021.05.03 10:48:02 11.00 267.50 1915.00 510.00 
1620038883 2021.05.03 10:48:03 12.00 273.75 1955.00 540.00 
1620038884 2021.05.03 10:48:04 13.00 0.00 0.00 0.00 
1620038885 2021.05.03 10:48:05 14.00 0.00 0.00 0.00 
1620038886 2021.05.03 10:48:06 15.00 0.00 0.00 0.00 
1620038887 2021.05.03 10:48:07 16.00 0.00 0.00 0.00 
1620038888 2021.05.03 10:48:08 17.00 -1.25 0.00 0.00 
1620038889 2021.05.03 10:48:09 18.00 0.00 0.00 0.00 
1620038890 2021.05.03 10:48:10 19.00 -1.25 0.00 0.00 
1620038891 2021.05.03 10:48:11 20.00 0.00 0.00 0.00 
1620038892 2021.05.03 10:48:12 21.00 -1.25 0.00 0.00 
1620038893 2021.05.03 10:48:13 22.00 -1.25 1.25 0.00 
1620038894 2021.05.03 10:48:14 23.00 -1.25 0.00 0.00 
1620038895 2021.05.03 10:48:15 24.00 0.00 0.00 0.00 
1620038896 2021.05.03 10:48:16 25.00 0.00 0.00 0.00 
1620038897 2021.05.03 10:48:17 26.00 0.00 0.00 0.00 
1620038898 2021.05.03 10:48:18 27.00 1.25 0.00 0.00 
1620038899 2021.05.03 10:48:19 28.00 0.00 0.00 0.00 
1620038900 2021.05.03 10:48:20 29.00 1.25 0.00 0.00 
1620038901 2021.05.03 10:48:21 30.00 0.00 1.25 0.00 
1620038902 2021.05.03 10:48:22 31.00 0.00 0.00 0.00 
1620038903 2021.05.03 10:48:23 32.00 -1.25 0.00 0.00 
1620038904 2021.05.03 10:48:24 33.00 -1.25 0.00 0.00 
1620038905 2021.05.03 10:48:25 34.00 -2.50 0.00 0.00 
1620038906 2021.05.03 10:48:26 35.00 1.25 0.00 0.00 
1620038907 2021.05.03 10:48:27 36.00 -1.25 0.00 0.00 
1620038908 2021.05.03 10:48:28 37.00 -1.25 0.00 0.00 
1620038909 2021.05.03 10:48:29 38.00 0.00 0.00 0.00 
1620038910 2021.05.03 10:48:30 39.00 -1.25 0.00 0.00 
1620038911 2021.05.03 10:48:31 40.00 -1.25 0.00 0.00 
1620038912 2021.05.03 10:48:32 41.00 0.00 0.00 0.00 
1620038913 2021.05.03 10:48:33 42.00 1.25 0.00 0.00 
1620038914 2021.05.03 10:48:34 43.00 0.00 0.00 0.00 
1620038915 2021.05.03 10:48:35 44.00 0.00 0.00 0.00 
1620038916 2021.05.03 10:48:36 45.00 1.25 0.00 0.00 
1620038917 2021.05.03 10:48:37 46.00 -1.25 0.00 0.00 
1620038918 2021.05.03 10:48:38 47.00 -1.25 0.00 0.00 
1620038919 2021.05.03 10:48:39 48.00 -1.25 0.00 0.00 
1620038920 2021.05.03 10:48:40 49.00 0.00 0.00 0.00 
1620038921 2021.05.03 10:48:41 50.00 0.00 0.00 0.00 
1620038922 2021.05.03 10:48:42 51.00 -2.50 0.00 0.00 
1620038923 2021.05.03 10:48:43 52.00 1.25 0.00 0.00 
1620038924 2021.05.03 10:48:44 53.00 -1.25 0.00 0.00 
1620038925 2021.05.03 10:48:45 54.00 0.00 0.00 0.00 
1620038926 2021.05.03 10:48:46 55.00 -2.50 0.00 0.00 
1620038927 2021.05.03 10:48:47 56.00 0.00 0.00 0.00 
1620038928 2021.05.03 10:48:48 57.00 -1.25 0.00 0.00 
1620038929 2021.05.03 10:48:49 58.00 1.25 0.00 0.00 
1620038930 2021.05.03 10:48:50 59.00 -1.25 0.00 0.00 
1620038931 2021.05.03 10:48:51 60.00 -2.50 0.00 0.00 
1620038932 2021.05.03 10:48:52 61.00 -1.25 0.00 0.00 
1620038933 2021.05.03 10:48:53 62.00 -1.25 0.00 0.00 
1620038934 2021.05.03 10:48:54 63.00 0.00 0.00 0.00 
1620038935 2021.05.03 10:48:55 64.00 0.00 0.00 0.00 
1620038936 2021.05.03 10:48:56 65.00 0.00 0.00 0.00 
1620038937 2021.05.03 10:48:57 66.00 -1.25 0.00 0.00 
1620038938 2021.05.03 10:48:58 67.00 -1.25 0.00 0.00 
1620038939 2021.05.03 10:48:59 68.00 -1.25 0.00 0.00 
1620038940 2021.05.03 10:49:00 69.00 0.00 0.00 0.00 
1620038941 2021.05.03 10:49:01 70.00 -1.25 0.00 0.00 
1620038942 2021.05.03 10:49:02 71.00 1.25 0.00 0.00 
1620038943 2021.05.03 10:49:03 72.00 -1.25 0.00 0.00 
1620038944 2021.05.03 10:49:04 73.00 -1.25 0.00 0.00 
1620038945 2021.05.03 10:49:05 74.00 0.00 0.00 0.00 
1620038946 2021.05.03 10:49:06 75.00 -1.25 0.00 0.00 
1620038947 2021.05.03 10:49:07 76.00 0.00 0.00 0.00 
1620038948 2021.05.03 10:49:08 77.00 0.00 0.00 0.00 
1620038949 2021.05.03 10:49:09 78.00 0.00 0.00 0.00 
1620038950 2021.05.03 10:49:10 79.00 0.00 0.00 0.00 
1620038951 2021.05.03 10:49:11 80.00 -1.25 0.00 0.00 
1620038952 2021.05.03 10:49:12 81.00 -1.25 0.00 0.00 
1620038953 2021.05.03 10:49:13 82.00 -1.25 1.25 0.00 
1620038954 2021.05.03 10:49:14 83.00 -1.25 0.00 0.00 
1620038955 2021.05.03 10:49:15 84.00 0.00 0.00 0.00 
1620038956 2021.05.03 10:49:16 85.00 0.00 0.00 0.00 
1620038957 2021.05.03 10:49:17 86.00 1.25 0.00 0.00 
1620038958 2021.05.03 10:49:18 87.00 -1.25 0.00 0.00 
1620038959 2021.05.03 10:49:19 88.00 -1.25 0.00 0.00 
1620038960 2021.05.03 10:49:20 89.00 0.00 0.00 0.00 
1620038961 2021.05.03 10:49:21 90.00 -1.25 0.00 0.00 
1620038962 2021.05.03 10:49:22 91.00 -1.25 0.00 0.00 
1620038963 2021.05.03 10:49:23 92.00 -2.50 0.00 0.00 
1620038964 2021.05.03 10:49:24 93.00 0.00 0.00 0.00 
1620038965 2021.05.03 10:49:25 94.00 -2.50 0.00 0.00 
1620038966 2021.05.03 10:49:26 95.00 1.25 0.00 0.00 
1620038967 2021.05.03 10:49:27 96.00 0.00 0.00 0.00 
1620038968 2021.05.03 10:49:28 97.00 -1.25 0.00 0.00 
1620038969 2021.05.03 10:49:29 98.00 -1.25 0.00 0.00 
1620038970 2021.05.03 10:49:30 99.00 -1.25 0.00 0.00 
1620038971 2021.05.03 10:49:31 100.00 0.00 0.00 0.00 
1620038972 2021.05.03 10:49:32 101.00 -1.25 0.00 0.00 
1620038973 2021.05.03 10:49:33 102.00 1.25 0.00 0.00 
1620038974 2021.05.03 10:49:34 103.00 -1.25 0.00 0.00 
1620038975 2021.05.03 10:49:35 104.00 0.00 0.00 0.00 
1620038976 2021.05.03 10:49:36 105.00 0.00 0.00 0.00 
1620038977 2021.05.03 10:49:37 106.00 0.00 0.00 0.00 
1620038978 2021.05.03 10:49:38 107.00 0.00 0.00 0.00 
1620038979 2021.05.03 10:49:39 108.00 0.00 0.00 0.00 
1620038980 2021.05.03 10:49:40 109.00 -1.25 0.00 0.00 
1620038981 2021.05.03 10:49:41 110.00 1.25 1.25 0.00 
1620038982 2021.05.03 10:49:42 111.00 0.00 0.00 0.00 
1620038983 2021.05.03 10:49:43 112.00 -1.25 0.00 0.00 
1620038984 2021.05.03 10:49:44 113.00 0.00 0.00 0.00 
1620038985 2021.05.03 10:49:45 114.00 -1.25 0.00 0.00 
1620038986 2021.05.03 10:49:46 115.00 0.00 0.00 0.00 
1620038987 2021.05.03 10:49:47 116.00 -2.50 0.00 0.00 
1620038988 2021.05.03 10:49:48 117.00 1.25 0.00 0.00 
1620038989 2021.05.03 10:49:49 118.00 0.00 0.00 0.00 
1620038990 2021.05.03 10:49:50 119.00 1.25 0.00 0.00 
1620038991 2021.05.03 10:49:51 120.00 -1.25 0.00 0.00 
1620038992 2021.05.03 10:49:52 121.00 0.00 0.00 0.00 
1620038993 2021.05.03 10:49:53 122.00 0.00 0.00 0.00 
1620038994 2021.05.03 10:49:54 123.00 0.00 0.00 0.00 
1620038995 2021.05.03 10:49:55 124.00 -1.25 0.00 0.00 
1620038996 2021.05.03 10:49:56 125.00 -1.25 0.00 0.00 
1620038997 2021.05.03 10:49:57 126.00 0.00 0.00 0.00 
1620038998 2021.05.03 10:49:58 127.00 0.00 0.00 0.00 
1620038999 2021.05.03 10:49:59 128.00 0.00 0.00 0.00 
1620039000 2021.05.03 10:50:00 129.00 0.00 0.00 0.00 
1620039001 2021.05.03 10:50:01 130.00 -1.25 0.00 0.00 
1620039002 2021.05.03 10:50:02 131.00 0.00 0.00 0.00 
1620039003 2021.05.03 10:50:03 132.00 -1.25 0.00 0.00 
1620039004 2021.05.03 10:50:04 133.00 -1.25 0.00 0.00 
1620039005 2021.05.03 10:50:05 134.00 -2.50 0.00 0.00 
1620039006 2021.05.03 10:50:06 135.00 -1.25 0.00 0.00 
1620039007 2021.05.03 10:50:07 136.00 -1.25 0.00 0.00 
1620039008 2021.05.03 10:50:08 137.00 -1.25 0.00 0.00 
