1620118554 2021.05.04 08:55:54 0.00 -2.50 0.00 0.00 
1620118555 2021.05.04 08:55:55 1.00 0.00 0.00 0.00 
1620118555 2021.05.04 08:55:55 2.00 -2.50 0.00 0.00 
1620118555 2021.05.04 08:55:55 3.00 0.00 1.25 0.00 
1620118556 2021.05.04 08:55:56 4.00 0.00 0.00 0.00 
1620118557 2021.05.04 08:55:57 5.00 -1.25 0.00 0.00 
1620118558 2021.05.04 08:55:58 6.00 -1.25 0.00 0.00 
1620118559 2021.05.04 08:55:59 7.00 -1.25 0.00 0.00 
1620118560 2021.05.04 08:56:00 8.00 0.00 0.00 0.00 
1620118561 2021.05.04 08:56:01 9.00 0.00 0.00 0.00 
1620118562 2021.05.04 08:56:02 10.00 0.00 0.00 0.00 
1620118563 2021.05.04 08:56:03 11.00 0.00 0.00 0.00 
