1620118245 2021.05.04 08:50:45 0.00 -1.25 0.00 0.00 
1620118246 2021.05.04 08:50:46 1.00 0.00 0.00 0.00 
1620118246 2021.05.04 08:50:46 2.00 -1.25 1.25 0.00 
1620118247 2021.05.04 08:50:47 3.00 0.00 0.00 0.00 
1620118247 2021.05.04 08:50:47 4.00 -1.25 0.00 0.00 
1620118248 2021.05.04 08:50:48 5.00 0.00 0.00 0.00 
1620118250 2021.05.04 08:50:50 6.00 1.25 0.00 0.00 
1620118250 2021.05.04 08:50:50 7.00 -1.25 0.00 0.00 
1620118251 2021.05.04 08:50:51 8.00 -2.50 0.00 0.00 
1620118253 2021.05.04 08:50:53 9.00 -1.25 0.00 0.00 
1620118253 2021.05.04 08:50:53 10.00 0.00 0.00 0.00 
1620118254 2021.05.04 08:50:54 11.00 0.00 0.00 0.00 
1620118256 2021.05.04 08:50:56 12.00 -1.25 0.00 0.00 
1620118256 2021.05.04 08:50:56 13.00 0.00 0.00 0.00 
1620118257 2021.05.04 08:50:57 14.00 1.25 0.00 0.00 
1620118259 2021.05.04 08:50:59 15.00 -2.50 0.00 0.00 
1620118259 2021.05.04 08:50:59 16.00 -1.25 0.00 0.00 
1620118260 2021.05.04 08:51:00 17.00 0.00 0.00 0.00 
1620118261 2021.05.04 08:51:01 18.00 -1.25 0.00 0.00 
1620118262 2021.05.04 08:51:02 19.00 0.00 0.00 0.00 
1620118263 2021.05.04 08:51:03 20.00 -2.50 0.00 0.00 
1620118264 2021.05.04 08:51:04 21.00 -1.25 0.00 0.00 
1620118265 2021.05.04 08:51:05 22.00 -1.25 0.00 0.00 
1620118266 2021.05.04 08:51:06 23.00 1.25 0.00 0.00 
1620118267 2021.05.04 08:51:07 24.00 0.00 0.00 0.00 
1620118268 2021.05.04 08:51:08 25.00 0.00 0.00 0.00 
1620118269 2021.05.04 08:51:09 26.00 -1.25 0.00 0.00 
1620118270 2021.05.04 08:51:10 27.00 0.00 0.00 0.00 
1620118271 2021.05.04 08:51:11 28.00 -1.25 0.00 0.00 
1620118272 2021.05.04 08:51:12 29.00 -1.25 0.00 0.00 
1620118273 2021.05.04 08:51:13 30.00 0.00 0.00 0.00 
1620118274 2021.05.04 08:51:14 31.00 0.00 0.00 0.00 
